MFT generation 112 -> 112, 14 ms

System Name: Banking1.model
Parameters: 5, Constraints: 112, Tests: 212, Covered: 212
163ms, validity verified: true

Test Set:
0 0 0 0 0
0 0 0 0 2
0 0 0 1 1
0 0 0 2 0
0 0 0 2 2
0 0 1 0 1
0 0 1 1 0
0 0 1 1 1
0 0 1 1 2
0 0 1 2 1
0 0 2 0 0
0 0 2 0 2
0 0 2 1 1
0 0 2 2 0
0 0 2 2 2
1 0 0 0 1
1 0 0 1 0
1 0 0 1 1
1 0 0 1 2
1 0 0 2 1
1 0 1 0 0
1 0 1 0 1
1 0 1 0 2
1 0 1 1 0
1 0 1 1 1
1 0 1 1 2
1 0 1 2 0
1 0 1 2 1
1 0 1 2 2
1 0 2 0 1
1 0 2 1 0
1 0 2 1 1
1 0 2 1 2
1 0 2 2 1
2 0 0 0 0
2 0 0 0 2
2 0 0 1 1
2 0 0 2 0
2 0 0 2 2
2 0 1 0 1
2 0 1 1 0
2 0 1 1 1
2 0 1 1 2
2 0 1 2 1
2 0 2 0 0
2 0 2 0 2
2 0 2 1 1
2 0 2 2 0
2 0 2 2 2
0 1 0 0 1
0 1 0 1 0
0 1 0 1 1
0 1 0 1 2
0 1 0 2 1
0 1 1 0 0
0 1 1 0 1
0 1 1 0 2
0 1 1 1 0
0 1 1 1 1
0 1 1 1 2
0 1 1 2 0
0 1 1 2 1
0 1 1 2 2
0 1 2 0 1
0 1 2 1 0
0 1 2 1 1
0 1 2 1 2
0 1 2 2 1
1 1 0 0 0
1 1 0 0 1
1 1 0 0 2
1 1 0 1 0
1 1 0 1 1
1 1 0 1 2
1 1 0 2 0
1 1 0 2 1
1 1 0 2 2
1 1 1 0 0
1 1 1 0 1
1 1 1 0 2
1 1 1 1 0
1 1 1 1 1
1 1 1 1 2
1 1 1 2 0
1 1 1 2 1
1 1 1 2 2
1 1 2 0 0
1 1 2 0 1
1 1 2 0 2
1 1 2 1 0
1 1 2 1 1
1 1 2 1 2
1 1 2 2 0
1 1 2 2 1
1 1 2 2 2
2 1 0 0 1
2 1 0 1 0
2 1 0 1 1
2 1 0 1 2
2 1 0 2 1
2 1 1 0 0
2 1 1 0 1
2 1 1 0 2
2 1 1 1 0
2 1 1 1 1
2 1 1 1 2
2 1 1 2 0
2 1 1 2 1
2 1 1 2 2
2 1 2 0 1
2 1 2 1 0
2 1 2 1 1
2 1 2 1 2
2 1 2 2 1
0 2 0 0 0
0 2 0 0 2
0 2 0 1 1
0 2 0 2 0
0 2 0 2 2
0 2 1 0 1
0 2 1 1 0
0 2 1 1 1
0 2 1 1 2
0 2 1 2 1
0 2 2 0 0
0 2 2 0 2
0 2 2 1 1
0 2 2 2 0
0 2 2 2 2
1 2 0 0 1
1 2 0 1 0
1 2 0 1 1
1 2 0 1 2
1 2 0 2 1
1 2 1 0 0
1 2 1 0 1
1 2 1 0 2
1 2 1 1 0
1 2 1 1 1
1 2 1 1 2
1 2 1 2 0
1 2 1 2 1
1 2 1 2 2
1 2 2 0 1
1 2 2 1 0
1 2 2 1 1
1 2 2 1 2
1 2 2 2 1
2 2 0 0 0
2 2 0 0 2
2 2 0 1 1
2 2 0 2 0
2 2 0 2 2
2 2 1 0 1
2 2 1 1 0
2 2 1 1 1
2 2 1 1 2
2 2 1 2 1
2 2 2 0 0
2 2 2 0 2
2 2 2 1 1
2 2 2 2 0
2 2 2 2 2
0 3 0 0 0
0 3 0 0 2
0 3 0 1 1
0 3 0 2 0
0 3 0 2 2
0 3 1 0 1
0 3 1 1 0
0 3 1 1 1
0 3 1 1 2
0 3 1 2 1
0 3 2 0 0
0 3 2 0 2
0 3 2 1 1
0 3 2 2 0
0 3 2 2 2
1 3 0 0 1
1 3 0 1 0
1 3 0 1 1
1 3 0 1 2
1 3 0 2 1
1 3 1 0 0
1 3 1 0 1
1 3 1 0 2
1 3 1 1 0
1 3 1 1 1
1 3 1 1 2
1 3 1 2 0
1 3 1 2 1
1 3 1 2 2
1 3 2 0 1
1 3 2 1 0
1 3 2 1 1
1 3 2 1 2
1 3 2 2 1
2 3 0 0 0
2 3 0 0 2
2 3 0 1 1
2 3 0 2 0
2 3 0 2 2
2 3 1 0 1
2 3 1 1 0
2 3 1 1 1
2 3 1 1 2
2 3 1 2 1
2 3 2 0 0
2 3 2 0 2
2 3 2 1 1
2 3 2 2 0
2 3 2 2 2

