MFT generation 3 -> 3, 0 ms

System Name: Banking2.model
Parameters: 15, Constraints: 3, Tests: 1126, Covered: 1084512
1475ms, validity verified: true

Test Set:
0 0 1 1 1 1 1 1 1 1 1 1 1 1 1
0 1 0 0 0 0 0 0 0 0 0 0 0 0 0
1 0 0 1 0 1 0 1 0 0 1 1 0 1 0
1 1 1 0 1 0 1 0 1 0 0 0 1 0 1
2 0 0 0 1 1 0 0 1 0 1 0 0 1 1
2 1 1 1 0 0 1 1 0 0 0 1 1 0 0
3 0 0 0 1 0 1 1 0 0 1 0 0 0 1
3 1 1 1 0 1 0 0 1 0 0 1 1 1 0
0 1 0 0 0 0 0 0 0 1 1 0 0 0 1
0 0 1 1 1 1 1 1 0 1 0 0 0 0 0
1 0 0 0 1 0 1 1 1 0 1 1 1 1 0
0 0 0 1 0 0 1 0 1 1 0 1 0 1 1
0 1 1 0 0 1 1 1 1 1 1 0 1 1 0
1 0 1 1 0 0 0 0 0 0 1 0 1 0 1
1 1 0 1 1 1 0 1 0 0 0 1 1 0 1
2 0 1 0 0 1 0 1 0 0 0 1 0 1 1
2 1 0 0 1 0 1 0 0 0 1 1 0 1 0
3 0 1 1 1 0 0 0 1 0 1 0 0 0 0
3 1 0 0 0 1 1 0 0 0 0 0 1 0 1
3 0 1 0 0 1 0 1 1 0 0 1 0 0 1
2 0 0 1 1 0 0 1 1 0 0 0 1 1 0
3 1 0 1 1 1 1 1 1 0 1 1 0 1 0
0 0 0 0 1 0 0 1 1 1 0 1 1 0 0
0 1 1 1 1 0 0 0 0 1 0 1 1 1 1
1 1 1 0 0 1 1 0 0 0 1 1 0 0 0
2 1 0 1 0 1 1 0 1 0 1 0 1 0 1
2 1 1 1 1 1 0 0 1 0 0 0 0 0 0
3 1 0 1 0 0 0 1 0 0 1 1 1 1 1
0 0 0 1 1 1 0 0 0 1 1 0 1 1 0
1 0 0 0 0 1 0 0 1 0 0 0 0 1 0
1 1 1 1 1 0 1 1 1 0 0 0 0 1 1
3 0 1 0 1 0 1 0 0 0 0 0 1 1 0
2 0 1 0 0 0 1 1 0 0 1 0 1 0 1
0 0 1 1 1 1 1 1 1 0 1 1 1 1 1
2 1 0 0 1 0 1 1 1 0 0 1 1 0 0
0 0 1 0 0 0 0 1 0 1 1 1 0 1 0
0 1 0 1 0 1 0 1 1 1 0 0 0 0 1
1 0 1 0 1 1 0 1 0 0 1 0 1 1 1
1 1 0 0 0 0 0 1 1 0 1 1 0 0 1
2 0 1 1 0 1 1 0 0 0 1 1 0 0 0
2 1 1 0 0 1 0 0 1 0 1 1 1 1 1
3 0 0 1 0 1 1 0 0 0 1 1 1 0 0
3 1 1 0 1 0 0 1 0 0 0 0 0 1 1
2 0 0 0 0 0 0 0 0 0 0 1 1 0 1
0 0 1 1 0 1 0 0 1 0 0 0 1 0 1
0 1 1 0 1 1 1 0 0 1 0 1 0 0 1
2 0 1 0 1 0 1 0 1 0 0 1 0 1 1
1 1 0 1 0 0 1 0 0 0 0 0 0 1 0
1 0 1 1 1 1 1 0 1 0 1 1 0 0 0
0 1 0 0 1 1 1 1 0 0 1 1 1 0 0
3 0 1 0 0 0 1 1 1 0 1 0 1 1 0
3 0 1 0 1 1 1 0 1 0 0 1 0 1 1
0 0 1 0 1 1 0 0 1 1 1 0 0 0 1
1 1 1 0 1 0 0 0 0 0 0 1 0 1 0
3 0 0 0 1 1 0 0 0 0 0 1 1 0 0
0 1 1 0 1 0 1 1 1 1 1 0 1 0 1
2 0 0 0 1 1 1 1 0 0 0 0 0 0 0
3 1 1 1 0 0 1 1 1 0 0 0 0 0 1
2 1 1 1 0 0 0 1 1 0 1 0 0 1 1
2 0 0 1 1 0 1 0 0 0 1 0 1 1 1
1 0 0 0 0 1 1 1 0 0 0 0 1 0 0
0 0 0 0 0 1 1 0 0 1 1 1 1 0 0
0 1 1 1 0 0 1 1 0 0 1 0 0 1 0
2 1 0 1 0 1 0 1 0 0 1 1 1 1 0
3 1 0 0 0 0 0 0 1 0 1 1 0 0 0
1 1 0 1 1 1 1 0 0 0 1 0 1 1 1
1 1 1 1 0 1 1 1 1 0 0 1 1 1 1
2 1 1 0 1 1 0 1 0 0 1 0 1 0 1
3 1 1 1 1 1 0 0 0 0 1 0 1 1 1
3 0 1 1 0 1 0 1 0 0 0 0 0 1 0
1 0 1 1 1 0 1 1 0 0 0 1 0 0 1
2 0 1 0 0 1 0 1 1 0 0 0 1 0 0
1 1 1 1 1 0 0 1 1 0 1 1 1 0 0
1 1 0 1 1 1 0 1 1 0 1 0 0 0 0
0 1 1 1 0 1 0 0 1 1 0 1 1 0 0
3 0 0 1 1 0 1 1 1 0 0 1 1 0 1
0 1 0 1 0 0 1 1 0 1 1 1 1 1 0
0 1 0 1 1 0 1 0 0 1 0 0 0 1 0
0 1 0 0 1 0 1 0 1 0 0 0 0 1 1
0 0 1 0 1 0 0 1 0 0 0 1 0 1 1
0 0 0 1 0 1 0 0 1 0 1 1 0 1 0
0 0 0 0 0 0 1 1 0 1 0 0 1 1 1
0 1 0 1 0 0 1 1 1 1 1 1 0 0 0
3 0 0 0 1 1 0 1 1 0 1 0 1 1 1
2 1 1 1 1 1 0 0 1 0 0 1 1 1 1
3 1 1 1 1 0 0 0 0 0 1 1 0 0 0
1 1 0 0 0 0 0 0 0 0 1 1 1 0 0
3 1 0 1 0 1 0 0 1 0 0 0 0 1 0
0 1 1 1 1 0 1 1 1 0 1 0 1 0 0
2 0 0 1 0 1 1 1 0 0 0 0 0 1 1
0 0 0 0 1 1 0 0 1 1 0 1 0 1 0
2 0 1 1 1 0 1 0 0 0 1 1 0 0 1
3 0 1 1 0 1 1 1 0 0 1 0 1 0 0
0 0 1 1 0 0 1 1 1 1 0 1 1 0 1
0 1 0 0 1 1 1 1 1 1 1 1 0 0 1
2 0 1 1 0 0 0 0 1 0 1 0 1 1 0
1 0 0 0 0 1 1 0 1 0 1 1 0 0 1
3 1 1 1 1 0 0 0 0 0 1 1 1 0 1
1 0 1 0 0 0 1 0 1 0 0 0 1 0 0
1 0 0 1 1 0 0 0 1 0 0 1 1 1 1
1 1 0 0 1 1 0 0 1 0 0 0 1 1 0
2 1 0 0 0 0 1 1 1 0 1 0 0 1 0
2 1 0 1 1 0 0 0 0 0 0 0 0 0 1
3 0 0 0 0 0 0 0 0 0 0 0 0 1 1
3 1 0 0 1 1 0 1 0 0 0 1 0 1 0
3 1 1 0 0 1 1 1 0 0 1 1 0 1 1
1 1 1 0 0 0 0 1 0 0 0 0 0 0 1
2 1 0 1 0 0 1 0 1 0 0 1 0 0 0
2 1 0 0 0 1 1 0 0 0 0 0 0 1 0
2 0 0 1 1 1 0 1 1 0 1 1 0 0 1
3 0 1 1 0 0 0 0 0 0 0 1 1 1 1
0 0 0 1 1 0 1 0 1 0 1 0 1 0 1
3 0 0 1 1 1 0 1 0 0 0 0 1 0 0
0 1 0 1 1 1 0 1 0 1 1 1 0 1 1
1 0 0 0 0 0 0 1 1 0 0 1 1 1 1
1 1 0 0 1 0 1 1 0 0 1 0 0 1 1
3 1 0 0 1 0 1 0 1 0 1 0 1 1 0
2 1 1 0 1 0 0 1 1 0 0 1 0 0 0
1 1 0 1 0 1 0 0 1 0 1 0 1 1 1
1 0 1 1 0 1 0 0 1 0 0 0 0 0 1
1 0 0 0 1 1 1 0 0 0 0 1 0 1 1
2 1 0 1 1 1 1 1 1 0 1 1 1 1 1
2 0 1 0 1 1 1 1 1 0 0 0 1 1 0
1 1 1 0 1 1 0 1 1 0 0 1 1 0 0
0 0 0 1 0 0 0 1 0 0 1 0 1 0 1
0 1 1 0 0 1 0 1 0 1 0 0 1 1 1
0 1 0 1 0 1 1 0 0 0 0 1 1 1 1
3 1 0 1 1 0 0 0 1 0 0 0 1 0 1
3 0 0 1 0 0 1 0 1 0 1 1 0 1 1
3 1 1 1 1 1 1 0 0 0 0 0 0 0 0
0 1 0 0 1 0 0 1 1 0 1 1 1 1 0
1 0 0 1 0 0 1 1 1 0 1 0 0 0 0
0 0 1 0 1 0 1 0 1 1 1 1 1 1 0
2 1 1 0 1 1 1 0 0 0 1 0 0 1 0
2 0 1 1 1 1 0 1 0 0 0 1 1 0 0
2 1 0 0 0 1 0 1 1 0 0 1 0 0 1
0 1 1 1 0 0 1 0 0 1 1 0 0 0 0
1 0 1 0 1 1 1 1 1 0 1 0 0 1 0
3 1 1 0 0 1 1 0 1 0 1 0 0 0 0
3 0 0 0 0 1 1 1 1 0 0 1 1 1 0
3 0 1 1 1 1 1 1 1 0 1 1 1 0 1
3 0 1 0 0 1 0 0 0 0 1 1 1 0 0
0 0 1 1 0 1 0 1 1 1 1 0 0 1 1
0 0 1 0 0 0 0 0 1 1 0 0 1 1 0
3 0 0 1 0 0 0 1 1 0 1 0 0 0 0
0 0 0 0 0 1 0 1 1 0 0 0 0 0 0
2 1 1 0 1 0 0 0 0 0 1 0 1 1 0
1 0 1 0 0 0 1 1 1 0 1 1 1 1 1
1 1 1 1 0 1 0 0 0 0 0 1 1 1 0
2 0 1 1 0 1 0 0 0 0 0 0 1 0 1
2 0 0 0 1 0 0 1 0 0 1 1 0 0 0
0 1 0 1 1 1 1 0 1 1 0 0 1 0 1
3 1 1 1 0 0 1 1 0 0 0 1 1 0 0
0 1 1 1 1 0 0 1 1 1 0 0 0 1 0
2 0 1 1 0 0 1 1 1 0 1 1 0 1 0
3 1 1 0 1 0 0 1 1 0 1 1 1 0 1
0 0 1 1 1 0 0 0 0 0 1 1 0 0 0
1 0 0 0 1 0 1 0 0 0 1 0 0 0 0
2 0 0 0 0 1 1 0 1 0 1 1 1 0 0
1 1 0 1 0 0 1 0 1 0 0 1 0 0 0
2 1 1 1 1 0 1 1 1 0 1 0 0 0 0
0 0 0 0 1 0 0 1 0 1 1 0 0 0 1
0 0 1 1 0 1 0 0 0 1 0 1 0 0 1
0 0 0 1 0 0 0 0 0 1 1 1 1 0 1
0 0 0 1 0 1 1 1 0 1 0 1 0 1 0
0 1 0 0 0 0 0 0 1 1 1 1 1 1 1
0 0 0 0 1 1 1 1 0 1 1 0 1 0 0
0 1 0 0 1 1 0 1 0 1 0 0 0 1 0
0 0 0 1 1 0 1 0 1 1 1 0 0 1 1
0 0 1 0 1 1 0 0 0 0 1 0 1 1 0
0 1 1 0 0 0 1 0 1 0 1 1 0 0 1
0 0 1 0 0 1 1 1 0 0 0 1 1 0 0
0 1 1 1 1 1 0 1 1 0 0 1 0 0 1
0 1 0 0 0 0 1 1 1 1 0 1 0 0 0
0 1 1 1 1 1 0 0 0 1 1 1 1 0 0
1 0 0 1 1 0 0 0 1 0 1 0 0 1 1
0 1 1 1 1 0 1 1 0 0 0 1 1 1 0
3 1 0 0 0 0 0 1 1 0 0 0 1 0 0
2 0 1 1 1 1 1 0 0 0 0 0 1 1 0
1 0 0 1 1 0 0 1 0 0 0 0 1 1 0
1 1 1 0 0 1 1 1 1 0 1 0 1 1 0
0 1 0 0 0 1 1 0 1 1 1 0 0 1 1
0 0 1 0 1 0 1 0 0 1 1 1 0 1 1
0 1 1 1 1 0 0 1 0 1 1 1 1 0 1
2 1 1 0 0 0 1 1 0 0 0 0 1 1 1
2 0 0 0 1 1 1 1 1 0 0 1 0 1 1
0 1 1 1 0 1 1 0 0 0 1 0 0 1 0
1 1 0 0 1 1 1 1 0 0 1 1 1 0 1
3 0 0 0 1 0 1 1 0 0 0 1 0 1 0
3 1 0 1 1 0 1 1 0 0 1 0 1 1 1
2 0 0 1 0 0 0 0 0 0 0 1 0 1 0
1 0 1 1 1 0 1 0 0 0 1 0 1 1 0
2 0 0 0 0 1 0 1 1 0 0 0 1 1 1
3 0 1 1 1 1 1 0 1 0 0 0 1 1 1
3 1 0 1 1 1 1 0 0 0 0 1 0 1 1
3 1 1 0 1 1 0 1 0 0 1 0 1 0 0
1 0 1 0 1 1 0 1 0 0 0 1 0 0 0
0 0 1 1 0 0 1 1 0 1 0 0 1 0 0
0 1 1 0 0 1 1 0 1 1 0 1 0 1 1
0 0 0 0 1 1 0 1 0 1 0 0 1 0 1
1 0 1 1 1 1 1 0 0 0 0 1 1 0 0
2 0 0 0 1 0 0 1 0 0 1 1 1 1 1
1 1 0 0 0 1 0 1 0 0 0 0 0 1 1
3 0 0 0 0 1 0 0 0 0 1 0 0 0 1
1 1 1 0 0 0 0 0 1 0 1 1 0 1 1
2 1 0 1 0 0 0 1 0 0 1 0 0 0 1
0 0 1 0 0 1 1 1 1 0 0 0 0 1 1
2 0 1 0 1 0 0 0 1 0 1 0 0 0 1
1 0 1 1 0 1 1 0 1 0 0 0 1 1 1
0 0 0 1 1 0 0 0 1 1 0 0 0 0 0
0 1 0 0 0 1 0 0 0 1 1 0 0 1 0
0 0 0 0 1 1 0 1 1 1 1 0 0 1 0
0 1 1 0 0 1 0 0 0 1 1 1 1 0 0
3 0 0 1 0 0 1 0 0 0 1 0 0 1 0
3 0 0 0 1 0 1 0 0 0 0 1 0 0 1
3 1 0 1 0 0 0 1 1 0 1 1 0 1 0
3 0 0 1 1 0 1 1 1 0 0 1 1 1 0
2 1 0 0 1 0 1 0 1 0 1 1 1 0 1
1 0 0 1 1 1 0 0 1 0 1 1 1 0 1
2 1 1 1 1 1 1 1 0 0 0 1 0 1 1
3 1 0 1 0 1 0 1 1 0 1 1 1 0 1
1 1 0 1 0 0 1 1 0 0 1 1 1 1 1
0 1 0 1 0 0 1 0 0 1 1 0 1 1 1
2 1 1 1 0 1 1 0 0 0 0 1 0 0 1
0 1 0 0 0 1 0 0 1 0 0 1 1 0 1
1 0 1 1 1 1 0 0 1 0 0 0 0 1 0
3 1 1 1 0 0 0 1 1 0 0 1 0 1 1
1 0 0 1 1 1 1 1 0 0 0 0 1 0 1
1 1 1 1 1 1 1 1 0 0 1 0 0 1 0
1 0 1 0 0 1 0 0 0 0 1 0 0 0 1
1 0 1 0 1 0 0 0 1 0 1 1 0 0 0
1 1 0 1 1 0 0 0 0 0 1 1 0 0 1
1 1 1 1 0 0 1 0 1 0 1 0 1 0 0
2 1 0 0 1 1 0 0 0 0 0 1 1 0 0
3 1 1 0 0 0 1 0 0 0 0 1 1 1 1
2 1 1 0 0 0 0 0 0 0 0 0 0 0 0
3 0 1 0 0 0 0 1 0 0 1 1 0 0 0
1 1 0 1 0 0 0 1 1 0 0 0 1 0 0
0 1 1 1 0 0 0 0 1 0 0 0 1 1 1
1 0 0 0 1 0 0 1 0 0 0 0 0 0 1
3 0 0 0 1 0 0 0 1 0 0 1 0 1 0
2 0 1 1 1 0 0 1 0 0 1 0 0 1 0
1 1 0 0 0 0 1 0 1 0 0 1 1 1 0
3 1 0 0 0 0 1 1 0 0 0 0 0 0 0
1 0 0 1 1 0 1 0 1 0 0 1 0 1 0
3 1 1 1 1 0 1 1 1 0 0 1 0 0 0
2 1 1 0 0 1 1 1 1 0 1 1 0 0 0
1 1 0 1 0 1 1 1 1 0 0 0 0 0 1
3 1 0 0 1 1 1 1 1 0 0 0 0 0 1
3 1 1 0 0 1 0 0 0 0 0 0 1 1 0
3 1 0 1 0 1 1 0 1 0 1 0 1 1 1
3 0 1 0 1 1 0 1 0 0 1 1 0 1 0
2 0 0 0 0 0 1 0 1 0 0 0 1 0 1
3 0 0 1 1 1 1 0 1 0 1 1 0 0 0
2 1 0 0 0 0 0 1 1 0 1 1 1 0 0
0 1 1 0 1 0 0 0 1 1 1 0 0 1 0
0 1 0 1 1 0 0 0 1 0 1 1 0 0 1
3 0 1 1 1 0 1 1 0 0 1 1 0 1 1
3 1 1 0 1 1 1 0 1 0 1 1 1 1 0
3 1 1 1 1 0 1 0 1 0 0 1 1 0 0
3 0 0 1 1 0 0 1 0 0 1 1 1 1 0
2 1 0 1 0 1 0 0 1 0 0 0 1 1 0
2 1 1 0 0 0 1 0 1 0 0 0 1 1 0
2 1 0 1 1 1 1 0 0 0 1 1 1 0 0
1 0 1 1 0 1 0 1 1 0 1 1 1 0 0
0 0 0 1 1 0 1 1 1 1 0 1 1 1 0
3 1 1 0 1 0 0 0 1 0 0 0 0 0 1
2 0 0 1 1 0 1 1 0 0 0 1 1 0 1
3 1 1 1 0 0 1 0 0 0 1 0 0 1 1
0 0 1 1 1 1 1 0 1 1 0 0 1 1 0
3 1 1 1 1 1 0 1 1 0 0 0 1 1 1
3 1 0 1 0 1 1 1 0 0 0 1 0 0 1
3 0 1 0 1 1 1 1 0 0 0 0 1 0 1
1 1 1 0 1 1 1 0 1 0 1 1 1 1 1
1 0 1 1 0 0 0 1 0 0 0 1 0 1 0
1 0 1 0 1 0 0 1 1 0 0 0 1 0 1
2 0 1 1 0 1 0 1 1 0 1 0 0 0 0
0 1 1 0 1 1 0 1 1 1 0 1 1 1 1
2 0 0 0 0 0 0 1 0 0 1 0 0 1 0
0 1 1 0 0 0 0 1 1 0 1 0 1 0 0
3 0 0 1 1 1 0 0 1 0 0 1 0 0 1
0 1 0 1 0 1 1 1 1 0 1 0 1 0 0
2 0 0 1 1 1 0 0 1 0 0 1 0 1 0
3 0 1 0 0 0 1 0 1 0 0 0 0 0 1
0 0 1 1 1 1 0 1 1 1 0 1 0 0 0
2 1 0 1 1 0 0 1 0 0 0 0 1 1 1
0 0 1 1 0 0 1 0 0 0 0 0 0 0 1
1 0 0 1 0 0 1 0 0 0 0 1 1 0 1
0 0 0 0 1 0 1 0 0 0 0 1 1 0 0
2 1 1 1 0 0 1 0 0 0 1 1 1 1 1
2 0 1 0 0 1 1 0 0 0 1 0 0 1 1
1 1 1 1 1 0 1 0 1 0 0 1 0 0 1
1 0 0 1 1 1 0 0 0 0 0 0 0 0 0
2 0 1 1 1 1 1 0 1 0 1 0 1 0 1
3 0 0 0 0 1 0 0 1 0 1 1 1 1 1
2 1 0 1 1 0 0 0 1 0 1 1 0 1 1
1 0 1 0 0 0 1 1 0 0 1 1 0 1 1
1 0 0 1 0 1 1 0 0 0 1 0 1 1 0
1 1 1 1 0 1 1 1 0 0 0 0 1 0 0
2 1 0 0 0 0 1 1 0 0 1 1 0 1 1
1 0 0 0 1 1 1 1 1 0 0 1 0 1 0
3 0 0 1 1 1 0 0 0 0 1 0 0 1 1
2 0 0 1 0 0 1 1 1 0 0 1 1 1 1
1 1 1 1 1 0 0 1 0 0 1 0 1 1 1
1 1 1 0 1 0 1 1 0 0 0 1 1 1 0
2 0 0 0 1 1 0 0 0 0 1 1 1 1 1
0 1 1 0 0 0 1 1 0 1 0 1 0 0 1
2 0 0 0 1 0 1 1 1 0 1 0 0 0 1
3 1 0 0 1 1 0 0 1 0 1 0 0 1 1
3 1 0 0 1 0 1 0 0 0 1 1 1 0 0
1 0 1 1 1 0 0 1 1 0 1 0 0 1 0
0 1 0 1 0 0 0 1 0 1 0 1 1 0 0
3 0 0 0 0 1 1 1 0 0 1 0 0 1 1
0 1 1 0 1 0 1 1 0 1 0 0 1 1 0
3 0 1 1 0 1 0 0 1 0 1 0 1 0 1
2 1 0 0 1 1 1 0 1 0 0 0 1 0 1
3 1 0 1 1 0 0 0 0 0 0 0 0 0 0
0 0 0 0 1 1 1 0 1 1 0 0 1 0 1
1 1 0 0 1 0 1 1 1 0 0 0 0 0 0
2 1 1 1 0 1 0 0 0 0 1 1 0 0 0
2 0 1 0 1 0 1 0 0 0 0 1 1 0 0
0 1 0 0 0 0 0 1 1 1 1 0 1 0 0
0 1 1 1 0 1 1 0 0 1 1 0 1 1 1
0 0 0 0 1 0 0 0 0 1 0 1 1 1 1
0 1 1 1 0 0 0 0 1 1 1 1 0 0 0
0 0 0 0 0 1 0 1 1 1 1 1 1 0 1
0 0 0 1 0 1 1 0 1 1 1 0 0 0 0
0 1 0 0 0 0 1 0 1 1 0 0 1 0 0
0 0 1 0 1 0 0 1 0 1 0 0 0 0 1
0 0 0 0 1 0 1 1 1 1 1 1 0 0 0
0 0 1 1 1 0 1 0 0 1 1 0 1 0 1
0 1 0 1 1 1 1 1 0 1 0 1 1 0 1
0 0 0 1 1 0 0 1 0 1 1 0 1 1 1
0 0 1 0 0 1 1 0 1 1 0 0 0 0 0
0 1 0 1 1 0 0 0 1 1 1 1 1 1 0
0 1 0 0 1 0 1 1 0 1 1 1 0 1 0
0 0 1 0 1 1 1 1 1 1 0 0 0 1 1
0 1 1 1 0 1 1 1 1 1 0 1 0 1 0
0 0 1 0 0 1 1 1 0 1 1 0 0 0 1
0 0 1 1 0 0 0 0 0 1 0 0 0 1 1
0 1 0 0 1 1 1 0 1 1 1 1 1 1 0
0 1 1 1 1 1 1 1 1 1 1 0 0 0 1
0 1 0 1 0 1 0 1 0 0 0 1 0 1 1
0 0 1 0 1 1 1 0 1 0 0 1 0 0 0
0 0 0 0 0 0 1 1 1 0 1 1 0 1 1
0 1 0 1 1 1 0 0 0 0 0 0 1 0 0
0 0 1 1 0 1 0 1 0 0 1 1 1 1 1
0 0 0 1 1 1 0 1 1 0 0 0 0 1 0
0 0 1 0 0 0 0 0 1 0 1 1 1 1 1
0 1 1 0 1 1 0 0 0 0 1 0 0 0 1
0 0 0 0 0 1 1 0 0 0 1 0 0 1 1
0 0 0 0 0 1 1 0 0 1 0 0 1 1 0
0 0 1 0 0 0 1 0 1 1 1 1 1 0 1
0 1 1 1 0 0 1 0 0 1 0 1 1 1 0
0 1 0 0 0 0 0 0 0 1 0 1 0 0 0
0 0 1 0 1 0 0 1 1 1 1 1 1 1 1
0 1 0 1 0 1 0 0 1 1 1 1 1 1 1
0 0 0 1 0 0 0 1 1 1 0 0 1 1 1
0 0 0 1 0 0 1 1 1 0 0 0 1 1 0
2 0 1 0 0 0 0 0 1 0 0 1 0 0 1
2 0 0 1 1 1 1 1 0 0 1 0 1 0 0
2 1 1 1 0 1 1 1 1 0 0 0 1 0 1
3 0 1 0 1 1 1 0 0 0 1 0 0 1 0
1 1 1 0 0 0 0 0 0 0 0 0 1 1 1
2 0 1 1 0 0 0 1 1 0 0 1 1 0 1
1 0 0 1 0 0 1 1 1 0 0 1 0 1 1
0 0 0 0 1 0 1 1 0 0 1 0 0 0 1
0 1 0 0 1 1 1 0 1 0 1 0 1 1 1
1 1 0 0 1 1 0 0 1 0 1 1 0 1 0
2 0 1 1 1 0 1 0 1 0 0 0 0 1 1
3 0 0 1 0 0 1 0 1 0 0 0 1 0 0
2 1 0 0 0 0 0 0 0 0 1 1 0 0 1
3 0 1 1 0 1 1 0 0 0 0 1 0 0 0
3 1 1 1 0 1 0 1 1 0 1 0 0 1 0
1 1 1 0 0 1 1 0 0 0 0 0 0 0 1
2 0 1 0 1 1 0 0 1 0 0 1 1 1 0
3 0 1 0 0 0 0 0 0 0 1 0 1 0 1
2 0 0 0 1 1 0 1 0 0 1 0 0 1 0
1 1 1 1 0 1 0 0 0 0 1 1 0 1 1
3 0 1 0 0 0 0 1 1 0 0 0 1 1 1
1 1 0 1 1 1 1 0 1 0 0 1 1 0 0
0 1 1 0 1 1 1 1 0 0 0 0 1 1 1
2 0 1 0 0 0 1 1 0 0 0 1 0 1 0
1 1 0 1 1 0 1 0 1 0 1 1 0 1 1
3 1 0 0 0 1 1 1 0 0 1 1 1 1 0
3 0 1 1 1 1 0 1 0 0 0 1 1 0 1
1 0 0 0 0 0 0 1 0 0 1 0 1 0 0
2 1 1 0 0 1 1 1 0 0 0 1 1 1 0
2 1 0 0 1 1 0 1 1 0 1 0 1 1 0
2 0 0 1 0 1 0 0 1 0 1 1 0 1 1
0 1 1 0 1 1 0 0 0 1 0 0 0 0 0
0 0 0 1 1 1 1 0 0 1 1 1 0 0 0
0 0 1 0 1 1 1 1 0 1 0 1 1 1 0
0 1 1 1 1 1 0 1 0 1 1 0 1 0 0
0 0 0 1 0 0 1 1 1 1 1 0 0 0 1
0 1 0 1 1 1 0 0 1 1 1 0 1 0 0
0 0 1 0 0 1 0 0 0 1 0 1 1 0 0
0 1 1 1 0 1 1 0 1 1 1 1 0 1 0
0 1 0 0 1 0 1 1 0 1 1 0 1 0 1
0 0 0 1 0 0 0 1 1 0 0 1 1 0 0
0 1 0 1 0 0 1 1 0 0 0 1 0 0 1
3 1 0 1 1 0 0 1 1 0 1 0 0 0 1
0 1 1 0 1 0 0 0 1 0 0 0 1 0 0
1 1 0 0 1 0 0 0 1 0 1 0 0 0 1
3 1 1 0 0 0 1 1 1 0 1 1 1 0 1
1 0 0 0 0 1 0 1 0 0 0 1 1 0 1
2 0 0 0 1 0 0 1 0 0 0 0 0 1 1
2 1 1 1 0 0 1 1 0 0 0 0 0 0 0
2 0 1 0 1 0 0 1 0 0 1 1 1 1 0
1 0 0 0 1 1 1 0 1 0 1 0 1 0 1
1 1 1 1 1 1 0 1 0 0 0 0 0 0 1
1 0 1 1 1 0 0 0 0 0 1 1 1 1 1
2 1 1 0 1 1 1 0 1 0 1 1 0 1 0
3 1 0 0 0 0 0 0 1 0 0 1 1 1 1
1 1 1 0 0 0 1 0 0 0 1 0 0 1 0
1 0 1 0 0 0 0 0 1 0 0 1 0 0 1
3 0 1 1 0 0 1 1 1 0 1 1 0 1 0
3 0 1 0 1 0 1 1 1 0 1 1 0 1 1
2 1 0 1 1 1 1 0 0 0 1 0 0 0 1
1 0 1 1 0 0 1 1 0 0 0 0 1 1 1
1 1 1 0 0 1 0 1 1 0 0 0 0 1 0
1 1 0 1 0 1 0 1 1 0 0 1 0 1 0
0 0 1 1 1 0 0 1 0 1 0 1 0 1 1
0 0 1 0 0 0 1 0 1 1 1 0 1 1 0
0 0 1 0 1 0 1 0 1 1 0 0 0 0 1
0 0 0 0 0 0 0 0 1 1 0 1 0 1 1
0 1 1 1 0 1 1 1 1 1 0 0 1 0 1
0 1 1 1 1 1 0 0 0 1 0 1 0 1 1
0 0 1 1 0 1 0 1 1 1 1 0 1 0 0
0 1 1 0 0 1 0 1 1 0 1 0 0 1 0
2 1 0 0 0 1 1 1 1 0 0 0 0 1 1
1 0 1 1 0 0 1 0 1 0 0 0 0 1 1
1 1 1 0 1 0 1 1 1 0 1 1 0 0 1
2 0 0 1 0 1 1 0 1 0 0 0 0 0 0
2 1 0 1 1 0 0 1 1 0 0 1 0 1 0
1 0 1 0 0 1 0 0 1 0 1 1 1 1 0
0 0 0 1 1 0 1 0 1 0 0 1 0 1 0
1 0 1 0 1 1 1 0 0 0 0 1 1 0 1
3 0 1 1 1 0 0 0 1 0 1 0 1 1 0
2 0 1 1 1 0 1 0 1 0 0 1 1 0 0
2 0 1 1 1 0 0 1 1 0 1 1 1 0 1
3 1 0 0 1 0 1 1 0 0 0 0 1 1 0
1 1 0 1 1 0 1 0 1 0 1 0 1 0 0
3 1 0 0 1 1 1 0 1 0 0 1 1 0 0
3 1 0 0 0 1 0 0 0 0 1 1 0 0 1
0 1 1 0 0 0 1 0 0 0 0 0 1 1 0
2 1 0 0 0 1 1 1 0 0 0 1 0 0 0
1 0 0 1 1 1 0 1 1 0 1 1 1 1 1
3 0 1 0 0 1 0 0 1 0 0 0 0 1 0
2 0 0 0 0 0 1 1 0 0 1 0 1 0 0
2 0 1 0 1 1 0 1 1 0 0 0 0 1 1
1 1 1 1 0 1 1 1 0 0 1 1 0 0 1
3 0 1 1 1 0 1 1 1 0 0 0 0 1 0
3 0 0 0 0 0 0 0 0 0 1 1 1 1 0
2 1 1 1 1 0 1 0 1 0 0 0 1 0 1
3 1 1 1 0 0 1 1 0 0 0 0 1 1 0
0 0 0 0 1 1 0 1 0 0 1 1 1 1 0
0 1 0 1 1 0 0 0 1 1 0 1 0 0 1
0 0 0 0 0 1 1 1 0 1 1 1 1 1 1
0 1 1 1 0 0 1 1 1 1 1 0 0 1 1
0 0 1 0 1 1 1 1 0 1 0 1 1 0 1
0 0 0 1 0 1 0 0 0 1 0 0 1 0 1
0 1 0 1 0 0 0 1 1 1 0 1 1 1 0
1 1 0 0 0 1 0 0 0 0 0 0 1 0 1
2 1 0 1 1 0 0 0 1 0 1 0 1 0 0
1 0 1 0 1 0 1 1 1 0 1 0 1 0 1
1 0 0 0 0 0 1 1 1 0 0 0 1 1 1
3 0 0 0 1 1 0 1 1 0 1 1 0 0 0
3 1 1 1 0 0 0 0 0 0 0 1 0 0 0
0 1 0 1 1 0 1 1 0 0 1 1 0 1 0
3 1 0 0 0 1 1 1 1 0 0 1 0 1 1
1 1 1 1 1 0 1 0 0 0 1 0 1 0 0
1 0 0 0 0 1 1 0 0 0 1 0 0 1 0
2 0 0 0 1 0 1 1 1 0 1 1 1 1 0
2 0 1 0 1 1 1 0 0 0 1 1 0 0 1
2 1 1 1 0 1 0 0 0 0 1 0 0 1 1
3 1 0 1 0 0 1 1 1 0 1 0 1 0 0
2 1 1 0 1 0 0 0 1 0 0 1 0 1 1
3 0 1 1 1 1 0 1 0 0 1 1 1 1 1
1 0 0 0 1 0 0 0 0 0 1 0 1 1 0
2 1 0 1 1 0 1 0 1 0 1 0 0 1 0
2 0 1 1 0 1 1 1 0 0 1 1 1 1 1
2 0 0 0 1 1 0 0 1 0 1 0 0 0 0
1 0 0 1 0 1 0 1 0 0 1 1 0 0 1
2 0 1 1 0 0 0 0 0 0 0 1 0 1 1
0 0 0 1 1 1 1 0 0 0 1 1 0 0 1
3 0 0 0 1 0 0 0 1 0 0 0 1 0 1
3 1 1 1 0 1 0 1 0 0 0 1 0 0 1
3 1 0 0 1 0 1 0 1 0 1 1 1 1 1
2 0 1 1 0 0 1 0 0 0 1 0 1 0 0
3 0 1 1 1 0 1 0 0 0 1 0 0 0 1
1 0 0 1 0 1 1 1 1 0 0 1 0 0 0
1 1 1 0 0 0 0 0 0 0 0 0 0 0 0
1 1 0 1 1 0 0 0 0 0 1 1 0 1 0
1 0 1 0 1 1 0 1 1 0 0 1 0 1 1
0 1 1 1 0 1 0 1 0 1 1 1 0 1 0
0 0 0 1 0 0 0 1 0 1 1 0 0 1 0
0 0 0 1 0 0 1 1 0 1 1 1 0 0 1
0 1 1 0 1 0 0 1 0 1 0 1 1 0 0
0 0 0 0 1 1 0 0 0 1 0 0 0 1 1
0 0 1 1 1 0 1 0 0 1 0 1 1 0 0
0 1 0 0 1 1 1 0 0 1 0 1 0 0 0
0 1 1 1 1 0 1 0 1 1 0 0 0 1 1
0 0 0 0 0 1 1 0 1 1 0 1 1 1 0
0 1 0 0 1 0 0 0 1 1 1 0 0 1 1
0 1 0 0 0 0 1 1 0 1 0 1 0 1 1
2 1 0 0 0 1 0 0 1 0 0 1 1 0 1
3 0 0 0 1 1 1 0 1 0 1 0 1 0 0
1 0 1 1 0 0 1 1 1 0 1 0 1 0 1
0 1 0 1 1 1 0 1 1 0 1 0 1 0 1
1 0 1 1 1 1 0 0 1 0 1 0 1 1 0
1 1 0 1 1 1 1 1 1 0 1 0 0 1 1
3 1 0 1 0 0 0 1 0 0 0 0 1 0 1
1 1 0 0 0 1 1 1 0 0 0 1 1 0 0
2 0 1 1 1 1 1 1 1 0 1 1 0 0 1
2 0 0 1 0 1 0 0 0 0 0 1 0 1 1
3 0 1 1 0 1 0 1 1 0 1 0 0 0 1
1 1 1 1 0 1 1 1 0 0 0 0 0 1 0
1 1 1 1 0 0 0 1 0 0 1 0 0 0 0
2 1 1 1 1 1 1 1 0 0 1 0 1 1 0
2 0 1 1 1 0 0 1 0 0 1 0 0 1 1
3 1 1 0 1 0 0 1 1 0 0 1 1 0 0
0 1 1 1 0 0 1 0 0 0 0 1 1 1 0
0 0 1 0 0 0 1 1 0 0 1 1 0 1 0
1 1 0 0 0 0 0 0 1 0 0 1 0 1 1
3 0 0 1 0 1 1 0 0 0 0 1 1 1 1
2 0 1 0 0 1 1 1 1 0 0 0 0 1 0
0 0 0 0 0 0 1 0 1 0 0 0 1 1 1
3 1 1 1 1 1 1 1 0 0 0 0 1 0 1
0 0 1 1 0 1 1 0 0 1 1 1 1 1 0
1 0 0 0 1 1 0 1 1 0 1 0 1 0 0
1 0 0 1 0 0 0 0 1 0 1 1 0 0 0
1 0 1 0 0 1 1 1 0 0 0 1 0 1 0
2 1 0 0 1 0 0 0 1 0 0 0 0 1 0
2 1 0 1 1 1 0 1 0 0 0 0 0 0 0
2 1 1 0 1 0 1 1 0 0 1 1 1 0 1
2 1 1 1 1 0 0 0 0 0 0 1 1 1 0
3 0 0 0 0 0 1 0 0 0 1 1 0 0 0
3 0 0 1 0 1 0 1 0 0 0 1 0 1 1
3 0 1 0 0 1 1 0 1 0 1 1 1 0 1
3 0 1 0 1 0 0 1 1 0 0 1 1 1 0
3 1 0 0 1 0 0 1 0 0 1 0 0 1 0
3 1 0 1 1 1 0 1 0 0 1 0 0 0 0
3 1 1 0 0 0 0 1 0 0 1 0 1 1 1
3 1 1 0 1 0 1 1 0 0 1 0 0 0 0
3 1 1 1 0 1 1 1 1 0 0 0 1 0 0
3 1 0 1 0 0 0 0 0 0 1 0 1 0 0
1 0 1 0 1 1 0 0 0 0 0 0 1 1 0
3 0 1 0 1 1 0 0 1 0 1 1 0 0 1
3 1 0 1 1 0 1 0 1 0 1 1 0 1 0
2 1 1 0 0 0 0 1 0 0 0 1 1 1 0
0 1 1 1 0 0 0 1 0 0 0 0 0 0 0
3 0 1 1 1 0 0 1 0 0 0 0 0 0 0
3 1 0 0 0 1 0 1 0 0 1 0 1 0 1
1 1 0 1 1 0 1 1 0 0 0 1 0 0 0
1 1 1 1 0 0 0 0 1 0 0 0 1 1 0
2 1 0 1 0 0 0 0 1 0 0 0 0 1 1
2 0 0 1 1 0 0 0 0 0 1 1 1 0 0
2 0 1 0 0 1 0 0 0 0 1 1 1 0 0
1 1 1 1 1 1 0 0 1 0 1 0 0 0 1
1 1 0 1 0 1 1 0 0 0 0 1 0 1 1
1 1 0 0 1 0 0 1 0 0 1 1 1 1 1
1 1 1 0 0 0 1 1 1 0 0 1 0 0 0
2 1 0 0 1 1 1 1 0 0 1 1 0 1 1
3 1 0 0 0 0 1 0 1 0 0 1 0 1 0
2 0 0 0 1 1 1 0 0 0 0 1 0 0 1
2 1 1 1 0 1 0 1 0 0 0 0 1 1 0
3 0 0 1 0 0 1 1 0 0 0 0 1 1 1
0 0 1 1 1 0 1 1 1 0 0 0 0 0 0
2 0 1 0 1 0 1 1 0 0 0 0 1 0 1
3 0 0 1 1 1 1 1 0 0 1 0 0 1 0
3 0 0 1 0 0 0 0 1 0 0 1 1 0 0
1 1 1 0 1 1 0 0 0 0 1 0 1 0 0
1 1 0 0 1 1 1 0 0 0 0 0 0 1 1
1 1 1 1 0 1 1 0 0 0 0 0 1 0 1
3 0 0 0 0 0 0 1 1 0 1 1 1 0 1
0 0 1 0 0 1 0 1 1 1 0 1 0 0 0
2 1 0 1 0 0 1 1 0 0 0 0 1 0 0
1 0 1 1 1 1 1 1 1 0 0 0 1 1 0
2 0 1 1 1 1 0 0 0 0 1 0 1 1 1
1 0 1 0 0 1 0 1 0 0 1 1 1 0 1
2 0 0 1 0 0 0 1 0 0 1 1 1 0 1
2 1 1 1 1 1 0 1 1 0 1 1 0 1 0
1 0 0 0 0 0 1 0 1 0 1 0 0 1 1
2 0 0 0 1 0 0 0 1 0 1 1 1 1 1
3 0 0 1 1 0 0 0 0 0 0 1 1 1 1
0 1 0 0 0 1 0 1 0 0 1 1 0 0 1
3 1 1 0 1 0 0 0 0 0 1 1 0 1 1
3 1 1 1 0 1 0 0 0 0 1 1 0 1 0
2 0 0 0 0 0 1 0 0 0 1 0 0 0 0
3 1 1 1 0 0 0 0 1 0 1 1 1 1 1
2 0 1 1 0 1 1 0 1 0 0 1 1 1 0
1 0 1 1 0 0 0 1 1 0 0 0 0 0 1
1 1 0 1 1 0 0 1 1 0 0 1 0 1 1
0 0 1 0 0 0 0 0 0 0 0 1 0 1 0
3 0 0 0 1 0 1 1 1 0 1 0 0 1 1
2 0 1 0 0 0 1 1 1 0 1 0 1 1 1
3 1 1 0 1 1 1 1 1 0 0 1 0 1 0
1 0 0 1 0 0 0 0 0 0 0 0 0 1 1
2 1 0 1 0 1 1 0 0 0 1 1 0 1 0
0 1 1 1 1 1 0 0 1 0 1 1 1 1 0
3 0 1 1 0 1 1 0 1 0 0 1 0 1 1
2 1 0 1 0 1 0 1 1 0 0 1 1 0 0
1 0 0 0 0 1 0 1 1 0 1 0 0 0 1
2 1 0 0 0 1 0 1 0 0 1 0 1 0 1
1 0 0 0 1 1 0 0 0 0 1 1 0 0 0
1 0 0 0 0 0 1 0 0 0 0 1 0 0 0
3 1 0 0 1 1 1 0 0 0 1 0 0 1 1
0 1 1 0 0 1 1 1 0 1 1 1 1 0 1
3 0 0 0 1 0 1 0 1 0 0 0 0 1 0
1 1 1 0 0 1 1 0 1 0 0 1 0 0 1
2 0 0 0 0 0 0 1 1 0 0 0 0 0 0
3 1 1 0 0 1 0 1 1 0 1 0 0 0 1
0 1 1 1 0 0 0 0 0 1 0 0 1 0 1
1 0 0 0 1 0 1 1 0 0 1 1 1 0 0
3 0 0 1 1 1 0 1 1 0 0 0 0 1 1
0 1 0 0 1 0 0 0 0 0 1 1 1 1 1
3 1 0 1 1 1 0 0 1 0 1 1 1 0 0
3 0 1 0 1 0 0 0 0 0 0 1 0 0 1
2 1 0 1 1 0 1 0 0 0 0 0 1 1 0
0 0 0 0 1 1 1 1 1 0 0 1 1 1 1
1 0 1 0 0 0 1 0 0 0 0 1 1 1 0
2 0 0 1 1 0 1 0 1 0 0 1 0 0 1
3 0 1 0 0 0 1 1 0 0 0 1 1 0 0
3 0 0 0 0 1 0 1 0 0 0 0 1 1 0
1 1 1 0 1 1 1 1 0 0 1 1 0 1 0
1 0 1 1 0 1 0 1 0 0 1 0 0 1 1
0 0 1 1 1 0 0 0 1 1 1 1 0 1 0
1 1 0 0 0 1 1 1 1 0 1 1 1 0 1
1 0 1 0 1 0 0 1 0 0 1 1 0 0 1
2 1 1 1 0 0 1 0 1 0 1 1 0 0 1
0 0 0 0 0 1 0 1 0 1 0 1 0 0 0
1 1 0 1 0 0 0 1 0 0 0 0 1 1 0
2 0 0 0 0 1 1 1 0 0 1 1 1 1 0
3 0 0 1 0 1 1 1 1 0 1 0 1 1 0
0 0 0 0 0 0 1 0 0 1 1 0 0 0 0
0 0 1 1 1 0 1 1 0 1 1 0 0 1 0
0 0 1 0 0 1 0 0 1 1 1 0 1 1 1
0 0 1 0 0 0 0 1 1 1 0 0 0 0 1
0 0 0 1 0 1 1 1 1 1 1 1 1 0 0
0 1 1 0 0 0 0 0 0 1 0 0 1 1 0
0 1 1 0 0 0 1 0 0 1 1 0 1 0 1
0 1 0 1 1 1 0 1 1 1 1 0 1 1 1
0 1 0 0 1 0 1 0 0 1 1 1 1 0 1
0 1 1 1 0 0 0 1 1 1 0 1 1 1 1
0 0 1 1 0 1 0 1 0 1 1 1 1 1 1
0 1 0 0 0 1 0 0 1 1 0 0 1 1 0
0 0 0 1 0 1 0 0 1 1 0 1 1 1 1
0 0 1 0 0 0 1 1 1 1 1 1 0 1 0
0 1 0 1 1 0 1 1 1 1 0 0 0 0 0
0 1 0 1 1 0 0 0 0 1 0 0 1 1 0
0 0 1 0 1 1 0 0 0 1 1 1 0 0 1
0 1 0 1 0 1 1 1 0 1 0 0 0 1 1
0 1 1 0 1 1 0 0 1 1 0 0 1 0 1
0 0 0 0 1 0 1 0 0 1 0 0 0 1 0
0 1 0 1 1 0 0 1 1 1 1 0 0 0 0
0 1 1 1 1 1 1 1 0 1 1 1 0 1 0
0 1 0 1 0 1 1 0 0 1 0 1 0 0 1
0 0 0 1 1 1 0 1 1 1 0 1 1 0 1
0 0 1 1 0 0 0 0 1 1 1 0 1 0 0
0 1 1 0 0 0 0 0 1 1 0 1 0 1 0
0 1 0 0 0 1 0 1 0 1 1 1 0 0 0
0 0 0 1 0 1 0 0 0 0 0 0 0 1 1
0 1 1 1 0 1 1 0 1 0 0 1 0 0 0
0 0 1 1 1 1 1 1 0 0 0 0 1 0 1
0 1 0 1 1 0 0 1 0 0 0 0 0 1 1
0 0 1 0 1 1 0 1 1 0 1 0 0 0 0
0 1 1 1 1 0 1 0 0 0 1 0 1 1 1
0 0 0 1 0 0 0 0 0 0 1 0 0 1 0
0 0 1 1 0 1 1 1 1 0 1 1 0 0 1
0 1 1 0 0 1 1 0 0 0 1 1 1 0 1
0 1 1 0 1 0 1 1 1 0 0 1 1 0 1
0 0 0 0 1 0 0 0 1 0 1 0 0 0 0
0 1 0 0 0 0 1 1 0 0 0 0 1 0 1
0 1 1 1 1 1 1 0 0 0 0 1 0 1 0
0 1 0 1 0 0 0 0 1 0 1 0 0 1 1
0 0 1 0 1 0 0 0 0 1 1 0 1 1 0
0 1 1 1 1 1 0 1 0 1 0 0 0 0 1
0 1 0 0 0 1 1 1 1 1 0 0 1 1 0
0 0 0 0 1 0 1 1 0 1 0 1 0 0 1
0 0 1 1 0 1 1 0 0 1 0 0 0 1 0
0 0 1 0 1 1 1 0 1 1 1 1 0 0 0
0 1 1 0 1 1 0 1 0 1 1 1 0 1 1
0 1 0 1 1 1 1 1 0 1 1 0 1 1 0
0 1 0 1 0 1 0 0 0 1 1 1 0 1 0
0 1 1 1 1 0 1 0 1 1 1 1 1 0 1
0 1 1 0 1 1 0 1 1 1 1 1 0 0 0
0 1 0 0 1 0 1 0 1 1 0 1 1 1 1
0 0 0 0 1 0 0 0 1 1 1 1 1 0 0
0 0 1 1 1 1 0 0 1 1 0 1 1 0 1
0 0 0 1 0 0 0 1 1 1 1 1 0 1 1
0 0 0 1 1 0 0 0 0 1 0 1 0 0 0
2 0 0 0 0 0 1 0 0 0 0 0 1 1 1
1 0 0 1 1 0 1 0 0 0 0 0 1 0 1
3 1 1 1 0 0 1 1 0 0 1 1 1 0 1
0 0 1 0 1 1 0 0 0 0 0 1 1 1 1
3 1 1 1 1 1 0 0 0 0 0 1 1 1 0
3 0 0 1 1 0 1 0 0 0 0 0 1 0 1
3 1 1 0 0 0 1 1 1 0 0 0 1 1 1
2 1 0 1 0 0 1 1 0 0 1 0 1 1 1
3 1 0 0 1 1 1 1 1 0 1 0 1 0 0
2 1 1 1 1 1 1 1 1 0 0 0 0 1 1
2 0 0 0 0 0 1 0 1 0 1 1 0 1 0
3 1 0 0 1 1 0 0 1 0 0 0 1 1 0
1 1 0 1 1 1 0 1 0 0 1 0 1 0 0
1 0 0 1 0 1 1 1 1 0 1 1 1 1 0
1 0 0 1 1 0 1 1 0 0 1 1 0 1 1
2 0 1 1 1 0 1 1 1 0 0 0 0 0 0
3 1 1 1 1 0 1 0 1 0 1 0 1 0 1
0 0 1 0 1 0 1 1 0 0 1 0 1 1 0
2 1 0 0 0 0 0 1 0 0 0 0 1 0 1
2 1 1 0 0 0 0 1 0 0 1 1 0 1 0
2 0 0 1 0 1 1 1 1 0 1 0 1 1 0
3 0 0 1 1 0 0 1 0 0 0 1 0 0 1
3 0 0 0 1 0 0 0 1 0 1 0 1 1 1
1 1 1 0 0 1 0 1 1 0 1 0 1 0 1
2 1 1 0 1 0 0 1 1 0 1 0 1 0 1
0 1 0 0 1 1 0 1 0 0 0 0 0 0 0
1 1 1 1 1 0 0 0 0 0 0 0 0 0 0
2 1 1 0 1 1 1 0 0 0 0 0 1 0 1
3 1 1 0 0 0 1 0 1 0 1 1 0 1 0
2 0 0 1 0 0 1 1 1 0 1 0 0 0 1
3 0 0 1 0 1 1 1 1 0 0 0 0 0 0
2 1 1 0 0 0 1 0 1 0 1 0 1 0 0
3 1 1 1 1 1 1 0 0 0 1 1 1 0 1
1 1 0 1 0 0 0 1 1 0 1 0 1 1 0
3 0 1 1 0 0 0 1 0 0 1 0 1 1 0
2 0 1 0 1 0 0 0 0 0 0 0 0 0 0
3 1 0 0 0 0 1 0 1 0 1 0 1 1 1
1 0 0 0 1 0 1 0 1 0 0 1 1 0 1
2 0 1 0 0 1 0 0 0 0 0 0 0 0 1
2 0 0 1 0 0 0 0 0 0 1 0 1 0 1
2 1 0 1 1 0 0 1 0 0 1 1 0 0 1
3 1 1 0 1 1 0 0 0 0 0 0 0 0 1
3 1 1 0 0 1 1 0 0 0 0 1 0 0 0
2 0 0 1 1 1 1 1 1 0 0 1 1 0 1
1 0 1 1 1 1 1 1 0 0 1 1 1 1 1
0 1 0 1 0 0 0 1 1 0 0 1 0 1 0
1 0 0 1 0 1 0 0 0 0 0 1 1 1 0
2 1 1 1 0 0 0 1 1 0 0 0 1 1 1
1 1 1 0 1 1 1 1 1 0 0 0 1 0 1
2 1 0 0 1 1 0 0 0 0 1 0 0 1 1
0 1 1 1 0 1 0 1 0 0 1 0 1 1 0
2 0 1 0 0 1 0 1 1 0 1 1 1 0 1
1 0 1 1 1 1 0 1 1 0 0 1 1 0 1
2 1 0 0 1 0 1 1 0 0 0 0 0 1 0
1 1 0 0 0 1 1 1 0 0 1 0 1 1 0
3 1 0 1 0 0 1 0 1 0 0 1 0 0 1
2 1 1 0 1 1 0 1 1 0 0 1 1 0 1
0 0 0 1 0 1 1 1 0 0 0 0 0 0 0
0 0 1 1 1 1 1 0 0 0 1 0 0 1 1
1 1 0 0 0 1 1 0 1 0 1 0 0 0 0
1 0 1 0 0 1 1 0 1 0 1 0 0 0 0
1 1 0 1 1 0 0 0 1 0 0 0 1 0 1
1 0 1 0 1 0 1 0 0 0 0 0 0 1 1
1 1 1 0 1 1 0 0 1 0 0 1 0 0 1
3 0 0 1 1 1 1 1 1 0 0 0 1 1 0
3 1 0 1 1 1 0 1 1 0 0 1 1 1 1
3 0 1 1 1 0 0 1 1 0 0 1 0 0 0
1 1 0 0 1 0 0 0 0 0 0 1 1 0 1
2 1 0 1 1 1 1 1 1 0 0 0 0 0 0
2 1 1 1 1 0 0 0 1 0 1 1 1 0 0
3 1 1 1 1 1 1 1 1 0 1 0 0 1 1
0 1 1 1 1 1 1 1 1 1 0 1 0 1 1
0 1 1 0 1 1 1 0 0 1 1 0 0 1 1
0 0 1 1 0 1 0 0 1 1 0 0 0 1 0
0 1 1 0 0 0 0 1 0 1 1 0 0 1 1
0 1 1 0 1 0 1 1 1 1 0 1 1 0 0
0 1 0 1 0 1 0 1 0 1 1 0 1 0 0
0 1 0 0 0 0 0 1 0 1 0 0 0 0 0
0 0 1 1 1 1 0 0 0 1 0 0 1 1 1
0 0 0 0 1 1 0 1 0 1 1 1 1 1 0
0 0 1 0 0 0 1 1 0 1 0 1 1 1 1
0 0 0 0 0 1 0 1 0 1 0 0 1 1 0
0 0 0 1 1 0 1 1 1 1 0 0 1 0 1
0 1 1 1 0 0 0 1 0 1 1 0 1 1 0
0 1 1 1 0 0 0 0 1 1 1 0 0 0 1
0 1 0 0 1 1 0 0 1 1 0 1 0 0 1
0 0 0 1 0 1 1 1 0 1 0 0 1 0 0
0 1 1 0 0 0 0 0 1 1 1 1 0 0 1
0 0 0 0 0 0 1 1 1 1 0 0 0 1 0
0 1 1 0 0 1 1 0 1 0 0 0 0 0 0
1 0 0 1 1 0 1 0 0 0 1 1 1 0 0
1 1 1 0 0 0 1 0 0 0 1 1 1 0 1
3 0 1 1 0 0 0 0 1 0 0 0 0 1 1
3 0 1 0 1 1 1 1 0 0 0 1 1 1 1
0 0 0 1 1 1 0 0 1 0 0 1 1 0 1
0 1 1 0 1 1 1 1 1 0 1 1 0 1 0
2 1 1 0 0 1 1 1 1 0 1 0 0 0 1
3 0 0 1 0 0 1 0 0 0 0 1 0 1 0
3 0 0 1 0 1 1 0 0 0 0 0 0 0 1
2 0 0 0 1 0 0 1 0 0 0 1 1 1 0
2 1 0 0 0 1 0 0 1 0 1 0 0 0 0
3 1 0 0 0 0 0 1 0 0 0 1 1 0 1
2 1 1 0 0 1 1 0 1 0 0 1 0 1 1
1 1 1 1 0 1 1 0 1 0 1 1 1 0 0
2 1 1 0 0 0 1 0 0 0 1 1 1 1 0
1 0 1 1 1 0 1 1 1 0 1 1 0 1 0
0 0 0 1 0 0 1 0 0 0 1 1 1 0 0
1 1 1 0 0 0 0 0 1 0 1 0 1 1 0
2 0 0 0 1 0 1 0 0 0 0 0 1 1 0
0 0 1 1 1 0 0 0 1 0 1 0 1 1 0
1 0 0 0 1 0 1 0 1 0 0 0 0 1 0
2 1 1 1 1 0 1 1 1 0 0 1 1 1 1
3 0 0 1 0 0 1 1 1 0 1 1 1 0 1
3 0 0 0 1 1 1 0 0 0 1 1 1 1 1
2 0 1 0 0 1 0 0 1 0 1 0 1 1 0
1 1 1 1 1 1 0 0 1 0 1 1 0 1 0
1 0 1 1 1 1 1 0 0 0 1 0 0 0 1
1 0 1 0 0 0 1 1 0 0 1 0 0 0 0
1 1 0 1 0 0 1 1 0 0 1 0 0 0 1
2 1 1 0 1 0 0 1 1 0 1 1 1 1 1
0 1 1 1 0 0 0 1 1 0 1 1 0 1 1
2 0 0 1 1 1 0 0 0 0 1 0 0 0 0
2 1 0 0 0 1 1 0 0 0 1 0 1 1 1
2 0 0 1 0 0 1 0 1 0 1 1 1 1 1
3 0 1 0 1 1 1 1 1 0 1 0 1 0 0
3 1 1 0 0 0 1 0 0 0 0 0 0 1 0
1 0 1 1 0 0 1 0 1 0 1 1 1 1 0
3 1 0 0 0 1 1 0 1 0 0 0 0 1 0
0 1 0 1 0 1 1 1 1 0 0 0 0 1 0
2 0 0 1 0 0 0 0 1 0 0 0 1 0 1
1 0 1 0 0 1 1 0 1 0 0 1 1 1 1
0 0 1 0 1 0 0 0 0 0 0 0 1 0 1
1 0 0 1 0 1 0 1 1 0 0 0 1 1 1
1 1 1 0 0 1 0 1 0 0 1 1 0 1 0
0 0 1 0 0 0 1 0 1 0 1 0 0 0 0
1 0 0 1 0 0 0 0 0 0 1 1 0 1 1
3 1 0 1 1 0 1 1 0 0 1 1 0 0 1
2 1 0 1 1 0 1 0 0 0 0 1 0 1 1
1 1 0 1 1 1 1 0 0 0 1 1 0 0 0
1 1 1 1 0 0 0 1 0 0 0 1 1 0 1
3 1 1 0 1 0 0 1 0 0 0 1 1 1 0
3 0 1 1 1 0 0 0 1 0 1 1 1 0 0
3 0 0 1 0 1 0 1 1 0 1 1 0 1 0
0 1 1 0 1 0 0 0 0 0 0 1 0 0 0
0 0 1 1 0 1 0 1 0 0 0 1 1 0 0
2 0 1 1 0 0 0 1 0 0 0 0 0 0 1
2 1 0 0 1 1 0 0 0 0 0 0 1 1 1
3 1 1 0 0 1 0 1 1 0 0 1 1 0 0
3 0 1 0 0 0 1 0 1 0 0 1 1 0 0
3 0 1 0 1 1 0 1 0 0 1 0 0 0 0
1 1 0 0 1 1 0 1 0 0 1 0 0 1 0
3 1 0 1 0 1 1 0 0 0 0 0 1 1 0
2 1 1 1 0 0 0 1 0 0 0 1 0 0 1
0 1 0 0 0 1 0 0 0 0 1 0 1 1 0
2 0 1 0 1 1 0 0 1 0 1 1 0 0 0
0 1 0 1 1 0 1 0 1 0 0 1 1 0 0
2 0 1 1 0 1 1 1 0 0 1 0 0 0 1
3 1 0 0 1 0 0 1 1 0 0 1 0 1 1
3 1 1 1 1 0 0 1 1 0 1 0 1 1 0
3 0 0 0 0 0 1 0 1 0 1 0 0 0 1
1 1 1 1 1 1 0 0 0 0 1 1 1 0 0
1 1 0 0 0 0 1 0 0 0 0 0 1 1 1
0 1 0 0 0 1 1 1 1 1 0 1 1 0 1
0 0 0 1 1 0 0 0 1 1 0 0 1 1 0
0 1 0 1 1 1 1 0 1 1 0 0 0 1 0
0 1 0 0 1 1 1 0 0 1 1 0 1 0 1
0 0 0 1 1 0 1 1 1 1 1 0 1 0 0
0 0 0 1 0 1 0 0 0 1 1 0 0 0 1
0 0 0 1 0 0 1 0 1 1 0 1 1 0 0
0 1 1 1 0 0 1 1 0 1 0 1 0 0 0
0 1 0 0 1 0 0 0 1 1 1 1 0 0 1
0 1 1 1 1 0 1 0 0 1 1 1 0 0 0
0 1 0 0 0 0 1 0 1 1 0 0 0 0 1
0 1 0 1 0 1 0 1 1 1 0 1 0 1 1
0 1 1 0 1 1 1 0 0 1 0 0 1 1 1
0 1 1 1 1 0 1 1 1 1 0 0 1 1 1
0 0 1 0 0 1 1 0 0 1 1 1 0 1 1
0 1 1 0 1 1 0 1 1 1 1 1 1 1 0
0 0 1 1 1 1 1 1 1 1 1 1 0 0 1
0 1 1 1 1 0 0 1 0 1 1 1 0 0 0
0 0 0 0 0 0 1 1 0 1 1 0 1 1 0
0 1 0 0 1 0 1 1 1 1 0 0 0 1 1
0 0 1 0 1 1 1 1 1 1 1 0 1 1 0
0 0 1 1 1 1 1 0 1 1 0 1 0 1 1
0 0 1 1 0 1 0 1 0 1 0 1 1 1 0
0 1 1 0 0 1 1 0 0 1 0 0 0 0 0
0 1 0 0 0 0 0 1 0 1 0 1 1 1 1
0 0 0 0 1 1 1 1 1 1 0 0 0 0 0
0 0 0 1 1 1 1 1 1 1 1 0 0 1 1
0 1 0 0 1 0 0 1 0 1 1 0 1 0 1
0 1 1 0 1 1 0 1 1 0 0 0 1 1 0
3 0 1 0 0 1 1 0 0 0 1 0 1 1 1
0 0 1 0 1 1 0 0 1 0 0 1 0 1 1
1 1 1 1 0 1 1 1 1 0 1 1 0 1 1
2 0 1 1 1 1 0 0 0 0 0 1 0 1 0
0 0 1 0 0 1 1 0 1 0 1 1 1 1 0
3 0 1 0 1 0 0 0 0 0 1 0 1 0 0
2 0 1 1 1 0 1 1 1 0 0 1 0 1 0
0 1 1 0 0 1 1 1 0 0 0 1 0 1 1
1 0 0 1 1 1 0 0 0 0 0 1 0 1 1
2 0 0 1 1 1 0 1 1 0 1 0 1 0 1
2 0 0 0 0 1 1 0 1 0 1 0 0 1 1
3 1 0 1 0 1 1 0 1 0 1 0 0 0 1
2 1 0 0 0 1 0 1 1 0 1 0 0 1 1
2 0 1 0 1 0 0 0 1 0 0 0 1 0 1
1 0 1 1 1 0 1 1 1 0 0 1 1 0 0
1 1 1 1 0 0 1 0 1 0 1 0 0 1 1
2 1 0 1 0 1 1 1 1 0 0 1 0 1 0
3 1 0 1 0 0 0 1 0 0 1 0 0 1 1
2 0 0 0 1 1 1 0 0 0 1 0 1 0 0
1 1 1 0 1 0 1 1 0 0 0 0 1 1 1
2 1 0 1 0 1 0 0 0 0 0 1 1 0 1
3 0 1 0 0 1 0 0 1 0 0 0 1 0 1
1 0 0 1 1 1 1 1 0 0 0 1 0 1 0
3 0 0 0 0 0 0 1 1 0 0 0 0 0 1
2 1 1 0 1 1 1 1 1 0 1 1 1 0 0
3 0 0 1 0 1 0 0 0 0 1 0 1 0 0
2 1 0 0 0 1 1 0 0 0 0 1 1 1 1
3 0 1 1 1 1 1 1 0 0 0 1 0 0 0
2 0 0 0 0 1 0 1 0 0 0 0 1 0 0
2 1 1 0 0 0 1 0 1 0 1 0 0 0 1
1 1 0 0 1 0 1 1 1 0 0 0 1 1 1
1 0 1 1 1 1 1 0 0 0 0 1 0 1 0
3 0 1 0 1 0 1 1 0 0 1 0 1 0 1
0 1 0 0 1 1 1 0 0 0 0 1 0 1 0
2 1 1 0 1 0 1 1 0 0 1 0 0 0 0
1 1 0 0 0 0 1 1 0 0 0 1 0 1 0
2 0 0 0 0 0 1 1 1 0 0 1 0 0 1
1 1 1 0 1 0 0 0 1 0 0 0 0 1 0
1 1 0 0 0 1 0 0 1 0 0 1 1 0 0
1 1 0 1 0 1 1 0 1 0 1 1 0 1 0
1 1 1 0 0 0 0 1 1 0 0 1 1 1 0
2 0 1 1 0 0 0 1 1 0 0 1 0 0 0
3 1 0 0 1 1 1 1 0 0 1 1 1 0 1
3 0 1 1 0 0 1 0 1 0 1 1 1 1 0
1 0 0 0 1 0 0 1 1 0 0 1 0 0 0
3 1 1 1 1 1 0 0 1 0 1 1 0 1 1
1 0 1 1 0 1 1 1 0 0 0 0 0 0 0
1 0 1 0 1 0 0 0 1 0 1 1 1 0 1
0 1 1 0 0 0 0 1 1 0 1 1 1 0 1
2 1 1 1 0 1 1 1 1 0 1 1 1 0 0
3 0 0 0 0 1 0 0 0 0 0 1 0 0 0
3 1 1 0 0 1 0 1 0 0 0 0 0 1 1
2 1 0 1 0 0 0 0 0 0 1 1 1 1 0
2 0 0 1 1 1 1 1 0 0 1 1 0 0 0
3 1 0 0 1 1 0 0 0 0 1 0 1 0 1
3 0 1 1 0 1 0 1 1 0 1 1 1 1 0
1 1 1 1 1 0 1 0 1 0 0 1 1 1 0
0 1 0 0 1 0 0 1 1 0 1 0 0 1 1
1 1 0 1 1 1 1 1 0 0 0 1 1 1 1
2 1 1 0 1 1 0 0 0 0 0 0 0 1 1
0 0 0 0 0 1 0 0 1 0 1 0 1 0 1
2 0 0 1 1 1 1 0 1 0 0 0 1 1 1
3 0 1 1 0 1 1 0 0 0 1 1 0 0 1
1 0 0 0 0 0 0 0 1 0 0 1 1 0 1
1 0 1 1 0 1 0 0 0 0 0 1 1 0 0
3 1 1 0 0 1 0 0 1 0 1 0 1 1 0
2 0 1 1 0 1 1 1 0 0 0 0 1 0 0
2 0 1 0 0 0 0 1 0 0 1 1 0 0 1
3 1 0 1 1 0 1 1 0 0 0 1 1 1 0
3 0 0 0 0 0 1 0 0 0 1 0 1 1 0
0 1 0 0 0 0 1 0 0 1 1 1 0 1 0
0 1 1 1 0 1 1 0 1 1 0 1 1 1 1
0 0 0 0 0 1 0 1 1 1 0 1 0 1 1
0 1 1 0 0 1 0 1 0 1 0 0 1 0 0
0 1 1 1 1 1 1 0 0 1 0 0 1 0 0
0 1 0 0 0 1 0 0 1 1 1 0 0 0 1
0 1 0 0 1 1 0 0 0 1 0 0 1 1 0
0 0 1 1 0 0 0 1 0 1 1 1 0 0 0
0 0 1 0 1 0 0 0 1 1 1 0 1 0 0
0 0 1 0 1 0 1 1 0 1 0 0 0 1 1
0 1 0 1 1 0 1 0 0 1 0 0 0 0 1
0 1 1 0 1 1 0 0 0 1 1 1 1 1 1
0 1 1 1 0 0 1 0 1 1 1 1 0 1 0
0 0 1 0 0 0 1 1 0 1 1 0 1 0 0
0 0 0 1 1 0 0 1 1 1 1 1 0 0 1
0 1 1 0 0 1 1 1 1 1 0 0 0 0 0
0 0 0 0 0 1 1 0 1 1 1 1 1 1 1
0 0 1 1 1 0 0 0 1 1 1 0 1 1 1
3 1 0 0 0 1 1 1 1 0 1 1 0 0 0
1 1 0 0 0 1 1 0 0 0 1 1 1 1 1
2 0 1 0 0 0 0 0 0 0 0 0 0 1 0
1 0 1 0 1 1 1 1 1 0 1 0 0 0 1
2 0 1 1 1 0 1 0 0 0 1 1 1 1 1
1 1 1 0 0 1 0 1 0 0 1 1 1 1 0
2 0 0 0 0 0 0 1 1 0 0 1 0 1 0
3 1 0 1 1 1 0 1 0 0 0 0 1 1 1
1 0 0 0 0 0 0 1 1 0 1 0 0 1 0
1 0 0 0 1 1 1 1 1 0 0 0 0 0 1
3 1 0 1 1 1 0 0 1 0 0 0 1 0 0
0 1 1 1 1 0 0 1 0 0 1 0 0 0 1
1 1 0 1 0 1 0 0 0 0 0 1 0 0 0
1 0 1 1 1 1 1 1 1 0 1 0 1 0 0
1 0 0 0 0 1 0 1 0 0 0 1 1 1 0
2 1 0 1 1 1 0 0 1 0 0 1 0 0 1
2 0 0 1 1 0 1 1 0 0 1 1 0 1 0
0 0 0 0 0 0 0 1 0 0 0 1 1 1 1
3 0 0 0 0 0 0 1 0 0 1 1 0 1 1
2 1 1 1 0 0 1 0 1 0 1 0 0 1 0
1 0 0 1 0 1 1 0 0 0 1 0 1 0 1
1 1 1 1 1 0 1 1 0 0 0 0 1 0 0
3 1 1 1 1 0 0 0 0 0 0 1 0 1 1
3 1 1 0 1 0 1 0 1 0 0 0 1 0 1
3 0 1 1 0 0 1 0 0 0 0 0 1 0 0
0 0 0 0 1 0 1 1 1 0 1 1 0 0 0
2 0 1 0 0 1 1 1 1 0 0 1 0 0 0
2 1 1 1 1 0 0 0 0 0 1 0 1 0 1
0 0 1 1 0 0 1 0 1 0 0 1 1 1 1
3 0 1 0 0 1 1 1 0 0 0 0 0 0 0
2 0 1 0 1 1 0 1 1 0 1 0 0 1 0
3 1 1 0 1 1 1 1 1 0 0 1 0 0 1
1 1 0 0 0 0 0 0 0 0 1 0 0 0 1
2 1 1 0 0 1 0 0 1 0 0 1 1 0 0
3 1 1 1 0 0 0 0 1 0 0 1 1 0 1
0 1 0 1 1 0 0 0 0 0 1 1 1 1 0
1 0 1 1 0 0 0 1 1 0 1 1 0 0 1
2 0 0 1 1 1 0 1 0 0 1 0 1 1 1
3 1 0 1 1 0 1 1 1 0 0 0 0 1 1
1 0 1 0 0 1 0 0 0 0 1 0 0 1 0
3 1 1 1 0 1 1 1 0 0 0 1 0 1 0
3 1 1 0 1 0 0 0 1 0 0 0 0 1 0
3 1 1 0 0 1 0 1 1 0 1 1 1 1 1
2 0 0 0 0 0 0 0 0 0 1 1 1 1 1
1 1 1 0 1 0 1 1 1 0 1 0 0 1 0
1 0 0 0 1 1 1 1 0 0 0 0 0 1 1
0 0 0 0 1 0 1 0 0 0 0 0 1 1 0
2 1 0 0 1 0 1 0 0 0 1 1 0 0 1
3 1 0 1 1 1 1 1 0 0 0 1 1 0 0
3 0 1 1 1 1 1 1 0 0 1 1 1 0 0
0 1 0 0 1 1 1 1 1 0 0 0 0 0 1
1 0 0 1 1 0 0 0 0 0 1 0 1 0 1
2 1 0 0 0 1 1 1 0 0 1 0 1 0 1
2 1 0 0 0 0 0 0 1 0 0 1 1 1 0
2 0 0 1 1 1 1 0 1 0 1 1 1 1 0
1 1 1 1 1 1 0 0 1 0 0 0 0 1 1
2 0 1 1 0 0 0 1 1 0 0 1 1 1 0
0 0 1 0 1 0 0 1 1 0 1 1 1 0 1
1 1 0 0 1 1 0 1 0 0 0 1 1 1 0
1 1 1 0 1 1 1 1 0 0 1 1 0 0 0
1 1 1 0 0 0 1 1 0 0 1 1 1 0 0
2 1 1 1 1 1 0 1 0 0 0 1 1 0 1
2 1 1 0 1 0 1 0 0 0 0 0 1 1 1
2 1 1 0 1 1 1 1 1 0 0 0 0 0 1
3 1 0 0 1 0 0 0 0 0 1 1 0 1 1
3 1 1 1 0 1 0 1 0 0 0 0 0 0 0
3 0 0 0 0 0 1 1 0 0 0 1 0 0 1
1 0 1 0 0 1 1 0 0 0 0 1 1 0 0
2 0 0 1 1 0 0 0 0 0 0 0 1 0 0
3 1 1 0 1 0 1 0 0 0 0 0 0 1 1
1 0 1 0 1 0 0 0 0 0 0 1 1 1 1
3 0 1 0 0 1 0 0 0 0 0 1 1 1 1
0 0 1 1 1 1 1 0 0 1 1 1 0 0 1
0 0 1 0 0 0 0 1 1 1 1 0 1 0 1
0 1 1 0 1 1 1 0 0 1 0 1 0 1 0
0 1 1 1 0 1 0 1 1 1 1 0 0 1 0
0 1 1 0 1 0 1 0 0 1 1 0 0 0 0
0 0 1 0 0 0 0 1 0 1 0 1 1 0 1
0 0 0 1 1 0 1 0 0 1 0 1 0 1 1
0 0 1 1 0 1 1 1 0 1 1 0 1 0 1
0 1 1 0 0 1 1 1 1 1 1 1 1 0 0
0 0 0 0 0 1 1 0 0 1 0 0 1 1 1
0 1 0 0 0 0 0 0 1 1 1 1 1 1 0
0 1 1 1 0 1 1 0 1 1 1 0 1 0 0
0 0 0 1 0 1 0 0 1 1 0 1 0 0 0
0 0 1 1 1 1 1 1 0 1 0 0 0 0 1
0 1 0 1 0 0 1 1 0 1 1 1 1 1 1
0 0 1 1 0 0 0 0 0 1 0 0 0 0 0
0 1 1 1 0 1 1 0 0 1 0 0 0 0 0
0 1 0 1 1 1 1 1 1 1 0 1 0 0 0
0 1 0 1 0 0 1 0 1 1 1 0 1 0 1
0 0 1 0 1 1 1 0 0 0 1 0 1 0 0
3 0 0 0 0 1 1 1 1 0 0 0 1 0 1
3 1 1 0 1 1 0 0 1 0 0 0 0 0 0
2 0 1 1 1 0 0 0 1 0 1 1 0 1 0
1 0 1 1 0 1 0 0 1 0 0 0 1 0 0
1 0 1 1 0 0 1 1 0 0 1 1 1 1 0
2 0 1 0 1 0 1 0 1 0 1 1 0 0 0
2 1 1 1 1 0 1 1 0 0 1 0 0 1 1
2 1 0 0 1 1 0 0 1 0 1 1 0 0 1
1 0 0 0 1 1 1 0 1 0 0 0 1 0 0
2 1 0 0 0 1 1 0 0 0 0 0 1 0 0
2 0 1 0 0 1 1 0 0 0 0 1 1 0 1
2 1 1 0 1 1 1 0 0 0 0 1 0 1 0
1 0 1 0 1 1 0 0 0 0 1 1 0 1 1
2 1 1 1 0 1 0 1 0 0 1 0 0 1 0
3 0 0 0 1 1 0 1 0 0 0 0 0 1 1
3 0 1 0 0 0 0 1 1 0 0 0 0 1 0
2 0 0 1 0 1 0 0 0 0 0 0 0 1 0
1 0 0 1 0 1 0 0 1 0 0 1 0 0 1
1 1 1 1 0 1 1 0 1 0 1 0 0 0 0
1 1 0 0 1 1 0 1 1 0 1 0 1 1 1
2 1 1 1 0 1 0 1 0 0 1 1 0 1 1
1 1 1 0 1 1 1 0 0 0 1 1 1 1 0
1 0 1 0 0 1 1 1 0 0 0 1 0 1 1
2 1 1 1 1 0 0 1 0 0 1 0 1 0 0
0 1 1 0 1 0 1 1 1 0 0 1 1 1 0
3 0 0 1 1 0 0 0 0 0 0 0 0 1 0
2 0 0 0 1 1 0 1 1 0 0 1 0 0 0
1 1 0 1 1 0 1 1 1 0 1 1 1 0 1
1 0 1 1 1 0 0 0 0 0 0 1 1 1 0
0 0 1 0 0 0 0 1 1 0 1 0 0 0 1
3 1 0 1 0 1 0 0 1 0 0 1 1 0 1
1 0 1 0 1 1 0 0 1 0 0 0 1 1 1
1 0 1 0 1 0 0 1 1 0 1 0 1 1 0
3 0 0 1 1 0 1 1 1 0 1 1 1 0 0
3 0 0 1 0 1 0 0 0 0 1 1 1 1 0
1 0 0 0 1 0 0 0 0 0 0 0 0 0 0
2 1 0 1 0 0 0 1 1 0 1 1 1 1 1
0 1 1 1 1 0 1 1 1 0 1 0 1 1 1
3 0 1 1 1 0 0 0 0 0 1 0 1 1 1
2 1 0 1 0 1 0 1 0 0 1 0 1 0 0
0 1 0 0 0 1 1 0 0 0 1 1 0 0 0
3 1 0 1 0 0 1 1 0 0 1 0 1 1 0
3 1 1 1 1 1 1 1 1 0 1 1 0 0 0
2 0 0 1 1 0 1 0 0 0 1 0 0 1 0
1 1 0 1 0 0 0 0 1 0 1 1 1 1 1
2 1 0 0 1 0 0 1 0 0 0 1 1 0 0
2 0 0 1 1 1 0 0 0 0 0 1 0 0 1
1 0 0 1 1 0 1 0 1 0 0 0 1 1 1
3 1 0 0 0 0 0 0 1 0 0 0 0 1 1
1 1 0 1 1 1 1 1 1 0 0 0 0 1 0
0 1 0 1 0 1 1 1 1 0 1 0 0 1 1
1 1 1 0 1 1 0 1 0 0 0 1 0 0 1
0 0 1 1 0 1 1 1 1 0 1 0 1 1 0
1 1 0 0 0 1 1 0 0 0 1 0 0 0 1
2 0 1 1 1 0 0 1 0 0 0 1 1 1 1
1 0 0 0 0 0 1 0 0 0 1 1 1 1 1
2 0 0 0 0 1 0 1 0 0 1 0 0 0 1
1 1 0 1 0 0 0 1 0 0 1 1 1 1 0
2 0 0 1 0 0 1 0 1 0 0 1 0 1 0
3 0 1 1 0 1 1 1 1 0 0 0 1 1 0
1 1 1 1 1 1 1 0 0 0 1 0 0 1 1
3 0 1 0 0 0 1 1 0 0 0 0 0 0 1
3 1 1 0 0 1 0 0 1 0 1 1 0 0 1

