MFT generation 153 -> 48, 16 ms

System Name: CommProtocol.model
Parameters: 11, Constraints: 58, Tests: 20, Covered: 285
355ms, validity verified: true

Test Set:
1 1 1 0 1 1 0 1 0 1 0
1 0 0 0 0 1 0 1 0 1 1
0 1 1 0 1 1 1 1 0 1 2
1 0 1 1 1 1 0 1 0 0 0
0 1 0 1 1 1 0 0 0 1 0
0 0 1 0 0 0 1 0 1 0 1
1 0 0 1 1 1 1 0 0 0 2
1 1 0 0 1 1 1 0 1 0 3
1 1 0 0 0 0 0 0 1 0 4
1 1 0 0 0 0 1 1 0 1 5
1 1 0 1 1 1 0 0 1 0 6
1 1 1 0 1 0 0 0 1 0 1
1 1 0 0 1 1 0 1 0 1 6
1 1 0 1 1 1 1 0 0 1 3
1 1 0 0 1 0 1 0 0 1 4
1 1 0 0 1 1 1 1 0 0 5
1 1 0 0 0 1 0 0 0 0 4
1 1 0 0 1 0 0 1 0 1 5
1 0 0 0 1 1 0 0 1 0 0
1 0 1 0 1 1 1 0 1 0 2

