MFT generation 153 -> 48, 31 ms

System Name: CommProtocol.model
Parameters: 11, Constraints: 58, Tests: 166, Covered: 14430
390ms, validity verified: true

Test Set:
0 0 0 0 1 1 0 0 0 0 0
0 0 0 1 1 1 0 0 0 1 0
0 0 1 0 1 1 0 1 0 1 0
0 0 1 1 1 1 0 0 0 0 0
0 1 0 0 1 1 0 1 0 0 0
0 1 0 1 1 1 0 0 0 1 0
0 1 1 0 1 1 0 0 1 0 0
0 1 1 1 1 1 0 0 0 1 0
1 0 0 0 1 1 0 1 0 1 0
1 0 0 1 1 1 0 0 0 0 0
1 0 1 0 1 1 0 0 1 0 0
1 0 1 1 1 1 0 1 0 0 0
1 1 1 0 1 1 0 1 0 1 0
1 1 1 1 1 1 0 0 1 0 0
0 0 0 0 0 0 1 1 0 0 1
0 0 1 0 0 1 1 0 1 0 1
0 1 0 0 0 1 0 0 1 0 1
0 1 1 0 1 0 1 1 0 1 1
1 0 0 0 0 1 1 1 0 1 1
1 0 1 0 1 0 0 0 0 1 1
1 1 1 0 0 0 0 1 0 0 1
0 0 0 0 1 1 1 0 1 0 2
0 0 0 1 1 1 1 0 0 1 2
0 0 1 0 1 1 1 1 0 0 2
0 0 1 1 1 1 1 0 0 0 2
0 1 0 0 1 1 1 1 0 1 2
0 1 0 1 1 1 1 0 0 0 2
0 1 1 0 1 1 1 0 1 0 2
0 1 1 1 1 1 1 0 0 1 2
1 0 0 0 1 1 1 0 1 0 2
1 0 0 1 1 1 1 0 0 1 2
1 0 1 0 1 1 1 1 0 1 2
1 0 1 1 1 1 1 1 0 0 2
1 1 1 0 1 1 1 0 0 1 2
1 1 1 1 1 1 1 1 0 0 2
1 1 0 0 1 1 1 0 1 0 3
1 1 0 1 1 1 1 0 0 1 3
1 1 0 0 0 0 1 0 1 0 4
1 1 0 0 0 1 0 1 0 1 5
1 1 0 0 1 1 0 0 1 0 6
1 1 0 1 1 1 0 0 0 1 6
1 0 1 0 0 0 1 0 1 0 1
0 1 1 0 0 0 0 0 1 0 1
0 0 0 0 1 0 0 1 0 1 1
0 1 0 0 1 0 1 0 1 0 1
1 1 0 0 1 0 0 0 0 1 4
1 1 0 0 1 0 1 1 0 0 5
1 0 0 0 1 0 1 0 1 0 1
1 1 1 0 1 0 1 0 1 0 1
0 0 1 0 1 0 1 1 0 0 1
1 1 1 0 0 1 1 1 0 1 1
1 0 0 0 0 0 0 0 1 0 1
0 1 0 0 0 0 1 1 0 1 1
0 0 1 0 0 0 0 1 0 1 1
0 0 0 0 0 1 0 1 0 0 1
1 0 1 0 0 1 0 0 0 1 1
0 1 1 0 0 1 0 1 0 1 1
1 1 0 0 0 0 0 1 0 0 5
1 1 0 0 0 1 0 0 0 0 4
1 1 0 0 1 1 1 1 0 1 5
0 1 1 0 1 0 0 1 0 0 1
0 1 1 0 0 0 1 0 0 1 1
0 1 0 0 0 1 1 0 0 1 1
0 1 0 0 0 0 0 0 0 1 1
1 1 0 0 0 0 0 0 1 0 4
1 1 0 0 1 0 0 1 0 1 5
1 1 0 0 0 0 1 1 0 1 5
1 1 0 0 1 0 1 0 0 0 4
1 1 0 0 0 1 1 0 1 0 4
1 1 0 0 0 1 1 1 0 0 5
0 1 0 0 1 0 0 1 0 0 1
1 0 0 0 0 1 0 1 0 0 1
1 0 0 0 1 0 0 1 0 0 1
1 1 1 0 0 1 0 0 1 0 1
1 1 1 0 1 0 0 1 0 1 1
1 0 1 0 0 0 1 1 0 1 1
1 1 1 1 1 1 0 1 0 1 0
1 0 0 0 0 1 1 0 1 0 1
1 0 0 0 1 0 1 1 0 1 1
0 0 1 0 0 1 1 1 0 1 1
0 0 1 0 1 0 0 0 1 0 1
1 0 1 1 1 1 1 0 0 1 2
0 0 0 0 0 0 1 0 0 1 1
0 0 0 0 0 1 0 0 1 0 1
1 1 0 0 1 1 0 1 0 1 6
0 1 0 0 1 0 0 0 1 0 1
1 0 0 0 1 1 1 1 0 0 2
0 1 0 0 0 1 1 1 0 0 1
0 1 0 0 1 1 0 0 1 0 0
0 1 0 0 1 1 1 0 1 0 2
1 0 1 0 1 1 1 0 1 0 2
1 1 1 0 1 1 1 1 0 1 2
1 0 0 0 1 1 0 0 1 0 0
1 1 1 0 1 1 0 0 0 0 0
1 1 1 1 1 1 1 0 1 0 2
0 0 0 0 1 1 0 1 0 0 0
0 0 0 0 1 1 1 1 0 1 2
0 1 1 0 1 1 0 1 0 0 0
0 1 1 0 1 1 1 1 0 1 2
1 1 0 1 1 1 0 0 1 0 6
1 1 0 1 1 1 1 0 1 0 3
1 0 1 0 0 0 0 0 1 0 1
0 1 1 0 0 0 1 0 1 0 1
1 1 0 0 0 0 1 0 0 1 4
0 1 0 0 1 0 1 0 0 1 1
1 1 0 0 1 0 0 0 1 0 4
0 0 0 0 0 0 1 0 1 0 1
1 1 0 0 0 1 1 0 0 1 4
1 1 0 0 0 1 0 0 1 0 4
1 1 0 0 1 0 1 0 1 0 4
1 1 0 0 0 0 0 0 0 1 4
1 1 0 0 1 1 0 0 0 0 6
1 1 0 0 1 1 1 0 0 1 3
0 0 0 0 1 1 1 0 0 1 2
0 1 1 0 0 1 1 0 1 0 1
1 0 0 0 0 0 1 0 0 0 1
1 0 0 0 1 0 0 0 1 0 1
1 1 1 0 1 0 1 0 0 1 1
0 0 0 0 1 1 0 0 1 0 0
1 1 1 0 1 1 0 0 1 0 0
1 1 1 0 1 1 1 0 1 0 2
0 0 1 0 1 1 0 0 1 0 0
0 0 1 0 1 1 1 0 1 0 2
0 0 1 0 0 0 0 0 0 0 1
1 0 1 1 1 1 1 1 0 1 2
0 0 1 0 0 1 1 1 0 0 1
1 1 1 1 1 1 0 1 0 0 0
1 0 1 1 1 1 0 1 0 1 0
1 1 1 1 1 1 1 1 0 1 2
1 0 0 0 0 1 0 0 0 1 1
0 0 0 1 1 1 1 0 0 0 2
0 1 0 1 1 1 0 0 0 0 0
0 0 1 1 1 1 0 0 0 1 0
0 1 1 1 1 1 0 0 0 0 0
1 1 0 0 1 1 1 0 0 0 3
1 1 0 0 1 1 0 1 0 0 6
0 1 0 0 0 1 0 0 0 0 1
1 1 0 0 1 0 0 0 0 0 4
1 1 0 0 0 1 0 1 0 0 5
1 1 0 0 0 1 1 0 0 0 4
1 1 0 0 0 1 0 0 0 1 4
1 0 0 0 1 0 0 0 0 0 1
1 1 0 0 1 0 0 1 0 0 5
1 1 0 0 1 0 1 0 0 1 4
1 1 0 0 0 0 1 0 0 0 4
1 1 0 0 1 1 1 1 0 0 5
1 1 0 0 0 0 1 1 0 0 5
1 1 0 0 0 0 0 1 0 1 5
1 1 0 0 1 0 1 1 0 1 5
1 1 0 0 0 1 1 1 0 1 5
1 1 1 0 1 1 1 0 0 0 2
1 1 0 1 1 1 1 0 0 0 3
1 1 0 1 1 1 0 0 0 0 6
1 0 0 0 1 1 0 0 0 1 0
1 1 0 0 1 1 0 0 0 1 6
0 1 1 0 1 1 0 0 0 1 0
0 1 0 0 1 1 1 1 0 0 2
0 1 0 1 1 1 1 0 0 1 2
0 1 0 0 1 1 0 1 0 1 0
1 0 0 0 0 0 1 1 0 0 1
1 0 0 0 1 1 0 1 0 0 0
1 1 1 1 1 1 0 0 0 1 0
1 0 0 0 1 1 1 1 0 1 2
1 0 0 1 1 1 1 0 0 0 2
1 0 0 1 1 1 0 0 0 1 0
0 0 1 0 1 1 1 1 0 1 2

