MFT generation 25 -> 59, 47 ms

System Name: Healthcare2.model
Parameters: 12, Constraints: 25, Tests: 228, Covered: 23792
172ms, validity verified: true

Test Set:
1 0 1 1 1 1 1 1 1 1 0 0
0 1 0 0 2 2 2 2 0 2 0 1
1 2 0 1 0 0 0 0 0 0 0 1
0 0 1 1 2 0 1 2 1 0 1 1
0 1 1 1 0 1 2 0 0 1 1 0
0 2 1 1 1 2 0 1 1 2 1 1
1 0 0 0 0 2 1 0 1 2 2 1
1 1 0 0 1 0 2 1 0 0 2 1
1 2 0 0 2 1 0 2 1 1 2 1
0 0 1 1 0 2 2 1 1 0 3 1
1 1 0 0 1 0 0 2 0 1 3 0
0 2 0 0 2 1 1 0 0 2 3 0
0 0 1 1 1 1 0 0 0 0 2 1
1 1 0 0 2 2 1 1 1 1 1 0
0 2 0 0 0 0 2 2 0 2 2 0
1 1 0 0 2 2 1 0 0 0 1 0
0 0 0 0 0 0 2 1 1 1 0 0
1 0 1 1 2 1 0 1 0 2 0 0
1 1 1 1 0 0 1 2 1 2 0 1
0 1 0 0 1 1 0 0 1 2 0 0
1 2 1 1 1 2 2 0 0 1 0 1
0 2 1 1 2 0 1 1 0 0 0 0
1 0 0 0 0 1 0 2 0 2 1 0
0 0 0 1 1 2 2 2 1 1 1 1
0 1 1 1 1 0 1 0 1 2 1 0
1 2 1 1 0 1 1 1 1 0 1 0
1 2 0 0 2 2 2 1 1 0 1 0
0 0 1 1 2 0 2 0 1 1 2 1
0 1 1 1 0 1 0 1 1 2 2 0
0 1 1 1 2 2 0 2 0 0 2 1
1 2 1 1 1 2 1 2 0 0 2 0
1 0 1 1 1 0 1 0 0 1 3 0
0 0 0 0 2 2 0 0 1 1 3 0
1 1 0 1 0 1 1 2 1 0 3 0
1 1 0 1 2 0 2 1 1 2 3 0
0 2 1 1 0 0 0 1 0 1 3 1
1 2 1 1 1 1 2 2 1 2 3 1
1 2 0 0 1 0 0 2 1 0 0 0
1 1 0 0 2 1 0 0 1 0 1 0
1 1 0 0 0 2 0 1 0 1 0 1
0 2 1 1 0 2 1 2 0 1 1 1
0 1 0 0 1 2 1 1 0 2 3 0
1 2 0 0 0 0 2 0 0 2 1 0
0 2 0 0 0 1 2 2 1 0 0 0
1 0 0 0 1 1 2 1 0 2 1 1
0 0 1 1 2 1 0 2 0 0 3 1
1 0 0 0 2 2 1 0 1 0 0 0
1 2 0 0 1 2 1 2 1 0 3 0
0 0 0 0 2 0 0 0 0 2 1 0
0 0 0 0 2 1 2 1 0 1 2 0
1 2 0 0 0 0 0 0 1 0 2 0
0 1 0 1 2 0 1 0 1 1 2 1
0 2 1 1 0 1 1 1 0 1 2 0
1 2 0 0 1 2 2 1 1 1 2 1
1 1 1 1 0 0 2 0 0 0 3 1
1 1 1 1 2 0 0 1 1 1 1 0
0 1 0 0 1 1 2 1 1 1 3 1
1 0 0 0 2 0 1 2 0 1 0 1
0 0 0 1 1 2 2 2 0 2 2 1
0 1 0 1 1 0 0 2 0 0 1 1
0 1 1 1 1 1 0 1 0 0 0 1
1 0 0 0 0 0 0 1 1 2 3 0
0 0 1 1 2 1 1 0 0 2 2 1
1 2 1 1 0 0 1 1 1 2 0 1
1 2 1 1 0 0 0 0 1 0 1 1
0 1 1 1 0 0 1 0 1 0 3 1
0 0 0 1 0 1 1 0 0 1 0 0
0 0 1 1 0 2 0 2 1 0 0 1
1 0 1 1 1 0 2 2 0 2 0 1
1 0 1 1 1 2 0 0 1 2 0 1
1 1 1 1 0 1 2 1 0 2 0 0
0 1 0 0 1 0 2 0 1 0 0 1
0 1 1 1 1 2 1 2 1 1 0 0
0 1 1 1 2 0 0 2 1 2 0 1
0 1 1 1 2 1 1 2 0 1 0 1
0 2 0 1 0 2 2 1 0 2 0 1
0 2 0 0 1 1 1 0 0 0 0 0
1 2 1 1 2 1 2 0 1 1 0 1
1 2 1 1 2 2 0 2 0 2 0 1
0 0 0 0 0 0 1 1 0 1 1 0
1 0 1 1 0 2 2 0 0 0 1 1
0 0 1 1 1 0 2 1 1 0 1 1
1 0 1 1 2 1 2 2 0 1 1 1
1 0 0 1 2 2 0 1 0 0 1 0
0 1 0 0 0 0 0 2 1 1 1 0
1 1 1 1 0 2 1 1 0 2 1 1
1 1 1 1 1 1 1 2 1 2 1 0
0 1 1 1 1 2 2 0 1 2 1 1
1 2 0 0 1 0 1 1 0 1 1 0
0 2 0 1 1 1 0 0 1 1 1 1
0 2 1 1 2 0 2 2 1 1 1 1
1 2 1 1 2 1 1 0 1 2 1 1
1 0 1 1 0 0 0 2 0 1 2 1
1 0 0 1 0 1 2 0 1 0 2 0
0 0 0 0 1 0 1 1 1 2 2 0
1 0 1 1 2 2 0 1 1 2 2 0
1 1 0 0 0 0 1 2 0 0 2 0
1 1 1 1 0 2 2 0 1 1 2 1
0 1 0 0 1 1 1 2 1 1 2 0
1 1 0 0 1 2 0 0 0 1 2 0
1 1 1 1 2 1 2 2 0 0 2 1
0 2 0 0 0 2 0 0 0 2 2 1
1 2 1 1 1 0 0 1 0 2 2 1
0 2 1 1 1 1 2 0 1 2 2 1
0 2 0 0 2 0 0 0 0 0 2 0
0 2 0 1 2 2 1 1 1 0 2 0
0 0 1 1 0 1 2 0 0 2 3 0
1 0 1 1 1 1 0 1 1 1 3 1
1 0 0 0 1 2 2 2 0 0 3 1
1 0 0 0 2 0 1 1 0 0 3 0
0 1 1 1 0 2 0 2 0 2 3 1
0 1 0 0 2 1 0 1 1 0 3 0
1 1 1 1 2 2 2 0 0 1 3 1
1 2 0 0 0 1 0 0 0 0 3 0
1 2 0 1 0 2 1 0 1 1 3 1
0 2 0 0 1 0 2 0 1 0 3 1
0 2 1 1 2 0 0 2 1 2 3 1
0 2 1 1 2 2 2 1 0 1 3 0
0 0 0 0 1 0 0 1 1 0 0 0
0 0 1 1 1 2 1 0 0 0 1 0
1 0 1 1 2 2 2 2 1 1 2 1
0 2 0 0 0 1 0 1 1 2 0 0
1 1 0 0 0 2 0 2 1 0 1 1
1 2 1 1 1 2 0 1 0 0 3 1
1 1 1 1 1 0 1 2 0 0 0 0
0 0 1 1 1 1 1 2 1 2 3 0
0 2 0 0 0 2 1 2 0 1 0 1
1 0 1 1 2 2 1 2 0 2 3 1
1 2 0 0 2 0 2 1 0 1 0 0
1 0 1 1 1 1 2 0 0 0 0 1
0 0 0 0 2 1 2 2 1 1 3 1
1 1 1 1 1 0 0 0 0 2 2 1
0 2 1 1 1 0 1 0 1 1 2 0
1 2 1 1 2 0 1 2 1 1 3 1
1 0 0 0 0 1 1 0 1 1 1 0
1 1 1 1 0 2 1 1 0 0 2 1
0 0 0 0 0 0 2 2 0 1 3 0
0 1 0 0 2 0 2 2 1 2 1 1
0 2 1 1 1 1 2 1 0 0 1 1
0 0 1 1 2 2 2 1 1 0 0 0
0 0 1 1 1 1 0 2 0 0 1 1
0 2 0 0 2 2 0 2 0 2 1 1
0 0 0 1 0 1 1 2 0 2 3 0
1 1 0 0 2 1 1 2 0 2 3 1
1 2 1 1 0 2 2 2 1 2 3 1
1 2 0 0 2 2 2 0 0 2 2 0
0 1 1 1 2 1 1 1 0 2 3 0
1 1 0 0 1 2 0 2 1 2 2 0
0 1 0 1 1 1 1 0 0 1 3 0
0 1 0 0 0 0 1 1 1 1 3 0
0 0 0 0 1 2 1 1 0 2 0 0
0 1 0 0 0 2 2 1 1 0 1 1
1 1 0 1 1 1 0 2 1 1 0 1
1 2 1 1 2 1 1 2 0 2 2 1
0 0 1 1 0 0 0 0 0 0 3 1
1 1 1 1 0 2 0 0 0 1 1 1
0 2 1 1 2 1 0 1 0 2 1 0
0 2 0 0 0 1 0 2 1 1 2 0
1 1 1 1 0 0 2 2 0 0 1 1
0 1 0 0 1 0 2 2 1 1 2 1
1 0 0 0 0 1 0 1 1 0 1 0
1 1 0 0 2 0 1 0 0 2 0 0
0 1 1 1 1 2 0 0 1 0 3 1
0 0 1 1 2 0 0 0 0 1 0 1
0 1 0 0 0 2 2 0 1 2 0 1
0 2 1 1 2 2 2 0 0 0 1 1
0 0 1 1 0 0 2 1 1 0 2 1
1 1 0 0 1 0 2 1 1 1 0 1
1 1 0 0 2 0 0 0 0 2 3 0
0 2 0 0 1 0 1 1 1 2 3 0
1 1 0 0 2 0 0 1 1 1 2 0
1 2 0 0 0 1 2 1 1 1 3 0
1 0 0 0 1 1 1 1 1 0 2 0
1 0 0 0 2 0 1 2 1 0 2 1
0 2 0 1 0 2 0 2 1 1 2 1
1 1 0 1 2 1 1 1 1 0 0 0
1 1 0 0 2 0 2 2 1 0 3 1
1 1 0 0 0 1 2 0 0 1 2 0
1 1 1 1 1 1 2 1 1 1 1 1
0 0 1 1 2 1 2 2 1 2 0 1
0 0 1 1 0 1 1 2 0 0 2 0
1 2 0 0 1 1 0 2 0 1 1 0
1 2 0 1 1 2 1 1 1 2 0 0
1 0 0 0 0 0 0 0 1 1 1 0
1 0 0 0 0 2 1 1 0 1 2 1
1 2 0 0 2 1 2 2 0 0 3 1
1 2 0 0 0 2 1 0 1 0 2 1
0 2 0 1 1 1 0 1 1 0 2 1
0 0 0 0 2 2 2 2 1 1 0 1
1 1 0 0 2 0 2 1 0 2 2 0
0 2 0 0 1 2 0 2 0 1 3 0
1 2 1 1 1 2 0 0 1 2 3 1
0 1 0 1 0 0 0 1 1 2 1 1
1 1 0 1 2 2 2 0 1 0 2 1
0 1 0 1 1 1 0 0 1 2 3 1
0 2 1 1 0 1 1 0 1 2 0 0
0 0 0 0 2 2 2 0 0 0 3 0
0 1 1 1 0 2 1 1 0 0 0 1
1 2 0 1 2 2 0 2 0 0 0 1
0 2 0 0 2 1 1 0 0 1 1 0
0 0 0 1 1 1 0 0 1 0 3 0
1 0 0 1 1 2 0 2 0 0 0 0
1 2 0 0 1 0 1 2 1 0 1 0
0 1 1 1 0 1 0 0 0 1 0 0
1 2 1 1 0 1 2 2 1 0 2 0
1 2 0 1 2 2 0 1 1 1 0 0
1 0 0 0 1 2 1 0 1 2 1 0
0 1 0 0 2 1 1 2 0 2 2 1
1 0 0 0 0 2 0 0 0 0 2 1
0 0 0 0 1 1 2 0 0 1 2 1
1 0 0 1 0 0 1 2 0 2 0 0
1 0 1 1 0 1 0 2 0 2 1 0
1 0 0 0 2 1 0 0 0 1 0 0
1 1 0 1 2 1 1 2 1 0 1 1
0 1 0 0 1 2 2 0 0 1 1 1
1 1 0 0 0 2 2 1 0 2 3 1
0 2 1 1 2 1 0 1 1 0 3 0
1 0 0 0 2 0 0 2 1 1 3 1
0 1 1 1 2 0 2 1 0 0 2 0
0 0 0 1 2 0 2 0 0 1 0 0
0 1 0 0 0 0 2 2 0 0 1 0
1 1 0 0 2 2 2 0 0 0 2 0
1 0 0 0 2 2 1 2 0 2 1 1
0 0 1 1 0 0 1 0 1 1 0 1
1 0 1 1 0 0 1 1 0 1 3 1
0 0 0 0 1 1 2 1 0 0 0 1
0 1 1 1 1 2 1 2 0 2 1 0
0 0 1 1 0 1 2 2 1 0 1 0

