MFT generation 26 -> 14, 2 ms

System Name: Healthcare1.model
Parameters: 10, Constraints: 14, Tests: 1837, Covered: 59468
564ms, validity verified: true

Test Set:
0 1 0 0 0 0 0 1 0 0
0 1 0 1 0 0 0 1 0 1
0 1 0 2 0 0 0 0 0 0
2 1 0 1 0 0 0 1 0 0
2 1 0 2 0 1 0 0 0 1
0 1 0 0 0 0 1 0 0 0
0 0 0 1 0 0 1 0 0 1
0 1 0 1 0 0 1 1 1 0
0 1 0 2 0 0 1 0 1 1
1 1 0 2 0 0 1 0 0 0
0 1 0 0 0 0 2 0 0 0
0 1 0 1 0 0 2 0 1 0
0 0 0 2 0 0 2 0 0 0
1 1 0 1 0 0 2 0 1 1
2 1 0 0 0 1 2 1 1 0
0 0 0 0 0 0 3 1 1 0
0 1 0 0 0 0 3 1 0 1
0 1 0 1 0 0 3 1 0 0
0 1 0 2 0 0 3 0 0 0
1 1 0 1 0 1 3 1 1 1
0 1 0 0 0 0 4 1 1 1
0 1 0 1 0 0 4 0 0 1
0 1 0 2 0 0 4 1 1 0
1 1 0 1 0 1 4 0 0 1
1 1 0 2 0 1 4 1 0 0
2 1 0 0 0 1 4 1 0 0
0 1 1 0 0 0 0 1 0 1
0 1 1 1 0 0 0 0 0 0
0 0 1 2 0 0 0 1 0 1
0 1 1 2 0 0 0 0 0 0
2 1 1 1 0 1 0 0 0 0
0 1 1 0 0 0 1 0 1 1
0 0 1 1 0 0 1 0 1 0
0 1 1 1 0 0 1 1 1 1
0 1 1 2 0 0 1 1 0 1
1 1 1 2 0 1 1 1 1 1
0 1 1 0 0 0 2 1 0 0
0 1 1 1 0 0 2 0 1 1
0 1 1 2 0 0 2 1 0 1
2 1 1 1 0 1 2 1 0 0
0 1 1 0 0 0 3 1 0 0
0 1 1 1 0 0 3 0 0 1
0 0 1 2 0 0 3 1 0 1
0 1 1 2 0 0 3 0 1 1
2 1 1 1 0 1 3 1 1 0
0 0 1 0 0 0 4 1 0 0
0 1 1 0 0 0 4 0 1 0
0 1 1 1 0 0 4 1 0 0
0 1 1 2 0 0 4 0 0 1
1 1 1 1 0 1 4 0 0 1
0 1 2 0 0 0 0 0 1 1
0 1 2 1 0 0 0 1 0 0
2 1 2 1 0 0 0 0 0 1
0 1 2 0 0 0 1 1 0 0
0 1 2 1 0 0 1 0 1 1
0 0 2 2 1 0 1 1 0 1
2 1 2 1 0 0 1 1 0 0
0 0 2 0 0 0 2 1 1 0
0 1 2 0 0 0 2 0 0 1
0 1 2 1 0 0 2 1 1 0
1 1 2 1 0 1 2 0 0 0
0 1 2 0 0 0 3 0 0 0
0 1 2 1 0 0 3 1 1 1
2 1 2 0 0 1 3 1 1 1
0 1 2 0 0 0 4 0 0 1
0 1 2 1 0 0 4 1 1 1
0 0 2 2 1 0 4 0 0 0
2 1 2 1 0 1 4 0 1 0
0 1 3 0 0 0 0 1 0 1
0 0 3 1 0 0 0 1 0 1
0 1 3 1 0 0 0 0 1 0
1 1 3 0 0 1 0 0 1 0
1 1 3 0 0 1 1 1 1 1
2 1 3 1 0 1 1 1 0 0
0 0 3 1 0 0 2 1 0 1
0 1 3 1 0 0 2 0 0 0
0 0 3 0 0 0 3 0 0 0
0 1 3 0 0 0 3 1 0 1
0 1 3 1 0 0 3 0 1 0
1 1 3 1 0 1 3 1 0 1
0 0 3 2 1 0 4 1 0 1
1 1 3 1 0 1 4 1 0 1
2 1 3 0 0 0 4 0 1 1
0 0 4 1 1 0 0 1 0 1
1 1 4 2 1 1 0 0 1 1
0 1 4 2 1 0 1 0 1 0
0 0 4 2 1 0 2 1 1 0
0 1 4 2 1 0 2 0 0 1
2 1 4 2 1 1 2 0 0 0
0 0 4 2 1 0 3 0 0 0
0 1 4 2 1 0 3 1 0 1
0 0 4 2 1 0 4 1 1 1
0 1 4 2 1 0 4 0 0 1
0 1 5 0 0 0 0 1 0 1
0 0 5 1 0 0 0 1 0 0
0 1 5 1 0 0 0 0 1 1
1 1 5 1 0 1 0 1 1 1
0 1 5 0 0 0 1 0 1 1
0 1 5 2 0 0 1 0 0 1
1 1 5 2 0 1 1 0 0 1
2 1 5 1 0 1 1 1 1 1
0 1 5 0 0 0 2 1 1 0
0 0 5 2 0 0 2 1 0 0
0 1 5 2 0 0 2 0 0 0
2 1 5 0 0 1 2 0 1 1
0 0 5 0 0 0 3 1 1 1
0 1 5 0 0 0 3 0 0 1
2 1 5 2 0 1 3 0 0 1
0 0 5 1 0 0 4 0 0 1
0 1 5 1 0 0 4 1 0 1
0 1 5 2 0 0 4 1 1 1
1 1 5 0 0 1 4 1 0 1
2 1 5 2 0 1 4 1 1 1
1 1 4 1 1 1 3 1 0 1
2 1 0 2 0 0 1 0 0 1
1 1 4 0 1 1 0 1 0 0
1 1 4 0 1 1 2 0 1 0
1 1 4 1 1 1 1 1 1 1
2 1 4 1 1 1 3 0 0 1
1 1 1 0 0 1 2 0 0 0
1 1 3 0 0 0 1 0 1 0
2 1 2 0 0 0 2 1 0 0
2 1 3 2 1 0 2 0 0 0
1 1 2 2 1 1 0 0 1 0
1 1 3 2 1 1 1 0 1 0
1 1 2 2 1 1 2 0 0 1
1 1 3 0 0 0 0 1 0 1
1 1 0 0 0 0 1 1 1 1
1 1 2 0 0 0 1 0 1 1
1 1 1 0 0 0 4 0 0 1
1 1 2 0 0 0 4 1 0 1
1 1 5 0 0 0 4 0 0 1
2 1 0 0 0 0 0 1 1 0
2 1 1 0 0 0 0 0 0 1
2 1 2 0 0 0 0 0 1 0
2 1 5 0 0 0 0 0 1 1
2 1 2 0 0 0 1 1 1 1
2 1 0 0 0 0 2 0 0 1
2 1 5 0 0 0 2 1 0 1
2 1 2 0 0 0 3 0 0 1
2 1 3 0 0 0 3 1 0 0
2 1 0 0 0 0 4 0 1 1
2 1 1 0 0 0 4 1 0 1
1 1 0 1 0 0 0 1 1 0
1 1 1 1 0 0 0 0 1 0
1 1 2 1 0 0 0 0 1 0
1 1 5 1 0 0 0 0 0 0
1 1 0 1 0 0 1 0 1 0
1 1 3 1 0 0 1 1 1 1
1 1 5 1 0 0 1 0 0 1
1 1 2 1 0 0 2 1 0 1
1 1 3 1 0 0 2 1 0 1
1 1 5 1 0 0 2 1 1 0
1 1 0 1 0 0 3 1 0 1
1 1 2 1 0 0 3 1 1 0
1 1 3 1 0 0 3 1 1 0
1 1 5 1 0 0 3 1 1 0
1 1 0 1 0 0 4 1 0 1
1 1 1 1 0 0 4 1 0 0
1 1 3 1 0 0 4 0 1 0
2 1 1 1 0 0 0 0 1 1
2 1 5 1 0 0 0 1 0 1
2 1 0 1 0 0 1 0 1 0
2 1 1 1 0 0 1 1 0 1
2 1 3 1 0 0 1 0 1 0
2 1 5 1 0 0 1 0 1 0
2 1 1 1 0 0 2 0 0 0
2 1 2 1 0 0 2 0 0 1
2 1 3 1 0 0 2 1 0 0
2 1 0 1 0 0 3 1 0 1
2 1 1 1 0 0 3 1 0 1
2 1 5 1 0 0 3 1 0 0
2 1 2 1 0 0 4 1 0 0
2 1 3 1 0 0 4 1 0 1
2 1 5 1 0 0 4 0 1 1
1 1 0 2 0 0 0 0 0 1
1 1 4 2 1 0 0 0 0 1
1 1 5 2 0 0 0 1 1 1
1 1 1 2 0 0 1 0 0 1
1 1 5 2 0 0 1 1 1 0
1 1 0 2 0 0 2 1 0 1
1 1 4 2 1 0 2 0 1 0
1 1 0 2 0 0 3 0 1 0
1 1 1 2 0 0 3 0 0 0
1 1 0 2 0 0 4 0 1 1
1 1 4 2 1 0 4 1 0 0
2 1 0 2 0 0 0 1 1 0
2 1 1 2 0 0 1 1 0 1
2 1 4 2 1 0 1 0 1 1
2 1 5 2 0 0 1 0 1 0
2 1 1 2 0 0 2 1 0 0
2 1 4 2 1 0 2 1 0 1
2 1 5 2 0 0 2 0 1 0
2 1 4 2 1 0 3 0 0 1
2 1 5 2 0 0 3 1 1 1
2 1 1 2 0 0 4 0 0 0
2 1 4 2 1 0 4 1 1 0
2 1 5 2 0 0 4 0 0 1
1 1 0 0 0 1 0 1 0 0
1 1 1 0 0 1 0 0 1 1
1 1 1 0 0 1 1 0 1 0
1 1 5 0 0 1 1 0 0 0
1 1 0 0 0 1 2 0 0 0
1 1 0 0 0 1 3 1 1 1
1 1 2 0 0 1 3 0 0 0
1 1 3 0 0 1 3 1 0 1
1 1 0 0 0 1 4 1 1 1
2 1 0 0 0 1 1 0 1 0
2 1 3 0 0 1 1 0 1 0
2 1 1 0 0 1 2 1 1 1
2 1 5 0 0 1 3 1 1 0
2 1 2 0 0 1 4 0 1 1
2 1 3 0 0 1 4 1 0 0
2 1 5 0 0 1 4 0 1 0
1 1 1 1 0 1 1 1 0 1
1 1 0 1 0 1 2 1 0 1
1 1 1 1 0 1 3 0 0 0
1 1 2 1 0 1 4 1 0 1
1 1 5 1 0 1 4 0 1 1
2 1 0 1 0 1 0 0 1 0
2 1 2 1 0 1 0 1 0 0
2 1 3 1 0 1 0 1 0 0
2 1 2 1 0 1 1 1 1 1
2 1 5 1 0 1 2 1 1 0
2 1 2 1 0 1 3 1 0 1
2 1 3 1 0 1 3 0 1 1
2 1 1 1 0 1 4 0 1 0
1 1 0 2 0 1 1 0 0 1
1 1 4 2 1 1 1 1 1 0
1 1 1 2 0 1 2 1 0 0
1 1 5 2 0 1 2 0 1 0
1 1 5 2 0 1 3 1 1 1
1 1 1 2 0 1 4 0 0 1
1 1 5 2 0 1 4 1 0 0
2 1 1 2 0 1 0 0 0 1
2 1 4 2 1 1 0 1 0 1
2 1 5 2 0 1 0 0 1 1
2 1 0 2 0 1 3 1 0 0
2 1 1 2 0 1 3 0 1 1
0 0 4 1 1 0 2 0 1 0
1 1 4 0 1 1 3 1 0 0
2 1 4 1 1 1 2 1 0 1
0 0 0 2 0 0 1 0 1 0
0 0 4 0 1 0 0 0 1 0
0 0 4 0 1 0 1 0 1 0
0 0 4 0 1 0 3 0 1 0
0 0 4 1 1 0 0 0 1 1
0 0 4 1 1 0 1 0 0 1
0 0 4 1 1 0 3 0 0 1
0 0 4 0 1 0 2 1 1 1
0 0 4 0 1 0 4 1 0 0
0 0 4 1 1 0 4 1 1 0
1 1 4 0 1 1 2 1 0 1
2 1 4 1 1 1 3 1 1 0
0 0 2 2 1 0 0 0 0 1
0 0 2 2 1 0 1 0 1 0
0 0 3 2 1 0 2 0 0 1
0 0 2 2 1 0 3 0 1 1
0 0 3 2 1 0 4 0 0 0
0 0 3 2 1 0 0 1 1 0
0 0 3 2 1 0 1 1 0 0
0 0 2 2 1 0 2 1 1 1
0 0 3 2 1 0 3 1 0 0
0 0 2 2 1 0 4 1 1 1
0 0 5 1 0 0 2 0 0 0
2 1 3 0 0 1 2 0 0 1
1 1 0 0 0 1 3 0 0 1
2 1 3 0 0 1 3 0 0 1
2 1 0 0 0 1 4 0 1 0
1 1 2 1 0 1 0 0 0 0
1 1 3 1 0 1 0 0 0 0
1 1 0 1 0 1 1 0 0 0
1 1 1 1 0 1 2 0 1 0
2 1 0 2 0 1 3 0 1 1
2 1 5 2 0 1 4 0 1 0
1 1 2 0 0 1 2 1 0 1
2 1 1 1 0 1 4 1 0 1
2 1 5 1 0 1 4 1 1 1
2 1 0 2 0 1 2 1 0 0
1 1 4 2 1 1 4 1 1 1
0 0 2 0 0 0 0 0 1 1
0 0 5 0 0 0 0 0 0 0
0 0 0 0 0 0 1 0 0 0
0 0 1 0 0 0 1 0 0 0
0 0 3 0 0 0 1 0 0 1
0 0 0 0 0 0 2 0 1 1
0 0 2 0 0 0 2 0 0 0
0 0 0 0 0 0 3 0 0 0
0 0 5 0 0 0 3 0 0 0
0 0 1 0 0 0 4 0 1 1
0 0 3 0 0 0 4 0 0 1
0 0 5 0 0 0 4 0 1 1
0 0 1 1 0 0 0 0 0 1
0 0 3 1 0 0 0 0 1 0
0 0 5 1 0 0 0 0 1 0
0 0 2 1 0 0 1 0 1 0
0 0 5 1 0 0 1 0 0 1
0 0 0 1 0 0 2 0 0 0
0 0 1 1 0 0 2 0 1 1
0 0 3 1 0 0 2 0 1 1
0 0 2 1 0 0 3 0 0 1
0 0 3 1 0 0 3 0 1 1
0 0 0 1 0 0 4 0 1 0
0 0 2 1 0 0 4 0 1 0
0 0 0 2 0 0 0 0 1 1
0 0 1 2 0 0 0 0 0 0
0 0 1 2 0 0 1 0 0 1
0 0 5 2 0 0 1 0 0 0
0 0 1 2 0 0 2 0 0 0
0 0 4 2 1 0 2 0 1 1
0 0 5 2 0 0 2 0 1 1
0 0 0 2 0 0 3 0 1 0
0 0 1 2 0 0 3 0 0 0
0 0 0 2 0 0 4 0 1 0
0 0 4 2 1 0 4 0 1 0
0 0 5 2 0 0 4 0 1 1
0 0 1 0 0 0 0 1 0 0
0 0 3 0 0 0 0 1 0 1
0 0 2 0 0 0 1 1 1 0
0 0 5 0 0 0 1 1 0 1
0 0 1 0 0 0 2 1 1 0
0 0 3 0 0 0 2 1 0 1
0 0 5 0 0 0 2 1 0 1
0 0 1 0 0 0 3 1 1 1
0 0 2 0 0 0 3 1 0 0
0 0 3 0 0 0 3 1 1 1
0 0 0 0 0 0 4 1 1 1
0 0 2 0 0 0 4 1 0 0
0 0 0 1 0 0 0 1 0 0
0 0 2 1 0 0 0 1 1 1
0 0 0 1 0 0 1 1 1 0
0 0 1 1 0 0 1 1 0 1
0 0 3 1 0 0 1 1 1 0
0 0 2 1 0 0 2 1 0 1
0 0 0 1 0 0 3 1 0 0
0 0 1 1 0 0 3 1 0 1
0 0 5 1 0 0 3 1 1 0
0 0 1 1 0 0 4 1 1 1
0 0 3 1 0 0 4 1 0 0
0 0 5 1 0 0 4 1 1 0
0 0 4 2 1 0 0 1 0 1
0 0 5 2 0 0 0 1 1 0
0 0 4 2 1 0 1 1 0 1
0 0 0 2 0 0 2 1 1 0
0 0 4 2 1 0 3 1 1 1
0 0 5 2 0 0 3 1 0 1
0 0 1 2 0 0 4 1 0 0
2 1 0 0 0 0 0 0 0 1
1 1 0 1 0 1 0 0 0 1
2 1 5 0 0 1 1 0 1 0
2 1 0 0 0 0 1 1 0 0
2 1 5 1 0 0 1 1 0 0
1 1 5 1 0 1 1 1 0 1
2 1 0 1 0 1 0 1 1 1
2 1 2 2 1 1 4 1 0 0
1 1 3 2 1 1 4 0 0 1
1 1 2 2 1 0 1 1 1 1
1 1 3 2 1 1 2 1 0 0
1 1 3 2 1 1 3 1 1 1
0 1 0 0 0 0 2 1 1 0
1 1 0 0 0 0 1 0 1 0
1 1 3 0 0 1 2 0 0 1
1 1 2 0 0 0 4 0 0 1
1 1 1 1 0 1 1 0 1 0
1 1 0 1 0 1 3 0 1 0
1 1 3 1 0 1 3 0 0 0
1 1 5 1 0 1 3 0 0 0
2 1 2 1 0 1 1 0 0 1
2 1 3 1 0 1 2 0 0 0
2 1 5 1 0 0 2 0 0 0
2 1 1 1 0 1 3 0 1 1
1 1 5 2 0 1 0 0 1 0
1 1 4 2 1 1 1 0 1 1
1 1 5 2 0 1 3 0 1 0
2 1 4 2 1 0 0 0 0 1
1 1 2 0 0 1 0 1 1 0
1 1 5 0 0 1 0 1 0 1
1 1 1 0 0 1 1 1 1 0
1 1 1 0 0 0 2 1 1 0
1 1 1 0 0 1 3 1 0 1
1 1 5 0 0 1 3 1 0 0
1 1 3 0 0 1 4 1 1 1
2 1 3 0 0 1 1 1 0 0
2 1 1 1 0 1 0 1 0 0
2 1 3 1 0 0 3 1 1 0
1 1 4 2 1 1 0 1 1 0
1 1 0 2 0 1 1 1 1 0
1 1 5 2 0 0 2 1 1 1
2 1 4 2 1 1 1 1 0 0
2 1 1 2 0 1 3 1 1 0
0 0 4 1 1 0 1 1 1 1
0 0 4 0 1 0 0 1 0 0
0 0 4 0 1 0 4 0 1 1
2 1 4 0 1 1 4 0 0 0
1 1 4 1 1 1 4 0 0 1
2 1 4 1 1 1 0 0 0 0
1 1 4 0 1 0 1 0 1 1
2 1 4 0 1 1 2 1 1 0
2 1 4 0 1 1 3 1 1 1
1 1 4 1 1 1 2 0 1 1
2 1 4 1 1 1 4 0 1 0
0 0 0 2 0 0 0 0 0 0
0 0 5 0 0 0 1 0 1 0
0 0 2 1 0 0 2 0 1 1
0 0 0 1 0 0 0 1 1 1
0 0 2 1 0 0 3 1 1 1
0 0 3 2 1 0 3 0 1 1
0 0 3 2 1 0 4 0 1 0
0 1 1 1 0 0 1 0 0 0
0 0 5 1 0 0 2 0 1 0
2 1 1 2 0 1 1 0 1 0
2 1 1 1 0 0 2 1 1 1
2 1 3 1 0 1 4 1 1 1
1 1 1 0 0 1 0 1 0 0
1 1 4 2 1 1 3 0 0 1
2 1 3 1 0 1 1 0 1 1
1 1 0 1 0 1 2 1 1 0
1 1 5 2 0 1 1 0 1 1
2 1 0 2 0 1 4 0 1 1
0 0 1 0 0 0 3 1 0 0
0 0 5 0 0 0 4 1 0 1
0 0 2 1 0 0 1 1 0 0
0 0 3 1 0 0 3 1 0 1
0 0 0 1 0 0 4 0 0 0
0 0 4 2 1 0 2 0 0 0
0 0 4 2 1 0 4 0 0 1
0 0 3 0 0 0 0 1 1 1
0 0 1 0 0 0 1 1 1 1
0 0 1 2 0 0 0 0 1 1
0 0 4 2 1 0 0 0 1 1
0 0 1 2 0 0 3 0 1 0
1 1 1 1 0 1 4 0 1 0
2 1 1 0 0 1 1 1 1 1
2 1 0 1 0 0 3 1 1 0
2 1 3 2 1 0 0 1 0 1
1 1 3 1 0 0 0 1 1 0
2 1 2 2 1 1 2 0 0 0
2 1 2 2 1 1 3 1 0 1
2 1 3 2 1 1 3 0 0 0
2 1 3 2 1 1 4 0 0 1
1 1 2 2 1 0 3 1 1 1
2 1 3 2 1 0 2 0 1 1
0 1 0 1 0 0 0 1 1 0
0 1 1 0 0 0 0 0 1 1
0 1 0 1 0 0 3 0 1 1
0 1 5 2 0 0 3 1 1 1
1 1 1 0 0 1 1 0 0 1
1 1 2 0 0 1 1 1 0 1
1 1 3 0 0 0 1 1 0 1
1 1 0 0 0 0 4 1 0 1
2 1 5 0 0 1 0 0 0 0
2 1 1 0 0 0 2 0 0 0
1 1 1 1 0 0 0 1 0 0
1 1 2 1 0 1 3 0 0 0
1 1 5 1 0 1 4 0 0 0
1 1 1 2 0 1 0 1 0 1
1 1 4 2 1 1 2 0 0 0
1 1 5 2 0 0 2 1 0 1
1 1 0 2 0 0 3 0 0 1
2 1 1 2 0 0 3 0 0 0
1 1 0 0 0 1 2 0 1 1
1 1 5 0 0 0 2 1 1 1
1 1 2 0 0 1 3 0 1 0
1 1 5 0 0 0 4 0 1 0
2 1 2 0 0 1 2 0 1 1
2 1 1 0 0 0 3 1 1 1
2 1 1 0 0 1 4 0 1 1
1 1 2 1 0 1 1 1 1 1
1 1 2 1 0 1 2 0 1 0
1 1 0 1 0 1 4 0 1 0
1 1 2 1 0 0 4 0 1 1
2 1 2 1 0 0 0 1 1 0
2 1 5 1 0 1 0 1 1 0
1 1 1 2 0 1 3 0 1 0
2 1 4 2 1 1 2 1 1 1
0 0 4 0 1 0 2 1 0 0
0 1 4 1 1 0 4 0 0 0
2 1 4 1 1 0 1 1 1 0
2 1 4 0 1 1 1 1 1 0
2 1 4 0 1 1 0 1 0 1
0 0 4 1 1 0 0 0 1 0
0 0 4 1 1 0 3 1 0 0
0 0 4 0 1 0 1 1 1 1
0 0 4 1 1 0 2 0 1 1
2 1 0 1 0 0 4 0 0 1
2 1 1 2 0 1 2 0 0 1
2 1 3 0 0 1 0 1 1 1
0 0 3 1 0 0 2 0 0 0
0 0 2 0 0 0 3 0 1 0
0 0 1 1 0 0 4 0 1 0
0 0 5 2 0 0 4 0 1 0
0 0 5 1 0 0 1 1 1 0
0 0 2 0 0 0 4 0 1 1
0 0 1 2 0 0 2 1 0 1
0 0 2 2 1 0 2 1 1 0
0 0 2 0 0 0 0 0 0 0
2 1 0 0 0 1 3 1 1 0
1 1 0 2 0 1 0 0 1 0
2 1 5 0 0 1 3 0 0 1
2 1 3 1 0 1 0 1 0 1
0 0 3 0 0 0 1 1 0 0
0 0 0 0 0 0 2 0 1 0
0 0 5 0 0 0 2 1 1 0
0 0 0 0 0 0 4 1 0 0
0 0 4 2 1 0 1 1 1 0
0 0 1 0 0 0 0 0 0 1
0 0 2 0 0 0 2 1 0 1
0 0 0 0 0 0 3 1 0 1
0 0 5 1 0 0 0 1 0 1
0 0 3 1 0 0 1 0 0 1
0 0 0 1 0 0 4 0 1 1
0 0 0 2 0 0 1 1 0 1
0 0 0 2 0 0 2 0 1 1
2 1 2 0 0 0 3 0 0 0
1 1 4 2 1 0 0 1 1 0
1 1 2 2 1 0 0 1 1 1
1 1 4 0 1 0 3 0 0 1
1 1 3 2 1 0 1 1 0 1
0 1 4 2 1 0 0 0 0 1
1 1 2 0 0 1 2 1 1 0
1 1 3 0 0 1 3 1 1 0
1 1 1 0 0 1 4 1 0 0
2 1 1 0 0 0 0 1 1 0
2 1 5 0 0 0 2 0 0 0
2 1 2 0 0 0 4 0 0 0
1 1 3 1 0 1 1 1 1 0
2 1 1 1 0 1 1 0 0 0
2 1 2 1 0 1 2 0 1 0
1 1 1 2 0 1 1 1 1 0
1 1 0 2 0 0 2 0 1 0
2 1 0 2 0 0 1 1 1 0
2 1 5 2 0 1 3 1 0 0
1 1 5 0 0 0 1 1 1 1
2 1 5 0 0 0 4 0 0 1
1 1 1 1 0 1 3 1 1 1
2 1 0 1 0 1 1 0 1 1
2 1 5 1 0 1 2 0 0 1
2 1 2 1 0 0 4 1 1 1
1 1 5 2 0 1 4 1 0 1
2 1 5 2 0 0 1 0 1 1
2 1 1 2 0 0 4 0 0 1
2 1 4 2 1 1 4 1 0 1
1 1 4 0 1 0 2 0 1 0
2 1 4 0 1 0 0 0 0 0
2 1 4 0 1 0 3 0 0 1
2 1 4 0 1 0 4 0 0 0
1 1 4 1 1 0 4 0 0 1
2 1 4 1 1 0 1 0 0 0
2 1 4 1 1 0 3 0 0 0
2 1 4 1 1 0 4 0 0 0
1 1 4 0 1 1 0 0 0 1
1 1 4 0 1 1 3 0 0 0
1 1 4 0 1 1 4 0 0 1
2 1 4 0 1 1 1 0 0 0
1 1 4 1 1 1 3 0 0 0
2 1 4 1 1 1 2 0 0 0
1 1 2 2 1 1 0 0 0 0
1 1 4 0 1 0 0 1 0 0
1 1 4 0 1 0 3 1 0 1
1 1 4 0 1 0 4 1 0 0
1 1 4 1 1 0 1 1 0 1
1 1 4 1 1 0 3 1 0 0
2 1 4 1 1 0 0 1 0 1
2 1 4 1 1 0 2 1 0 0
2 1 4 0 1 1 0 1 0 1
2 1 4 0 1 1 3 1 0 1
2 1 4 0 1 1 4 1 0 1
1 1 4 1 1 1 0 1 0 1
1 1 4 1 1 1 2 1 0 1
1 1 4 1 1 1 4 1 0 1
1 1 4 0 1 0 0 0 1 1
2 1 4 0 1 0 1 0 1 1
2 1 4 0 1 0 2 0 1 0
1 1 4 1 1 0 1 0 1 1
1 1 4 1 1 0 3 0 1 1
1 1 4 0 1 1 1 0 1 0
2 1 4 0 1 1 3 0 1 1
1 1 4 1 1 1 2 0 1 1
2 1 4 1 1 1 1 0 1 0
2 1 4 1 1 1 3 0 1 1
2 1 4 1 1 1 4 0 1 0
1 1 4 0 1 0 1 1 1 1
2 1 4 0 1 0 3 1 1 1
1 1 4 1 1 0 0 1 1 1
1 1 4 1 1 0 2 1 1 1
1 1 4 1 1 0 4 1 1 1
2 1 4 1 1 0 3 1 1 1
2 1 4 1 1 0 4 1 1 0
1 1 2 2 1 0 4 1 1 1
1 1 4 0 1 1 0 1 1 1
1 1 4 0 1 1 2 1 1 1
1 1 4 0 1 1 3 1 1 0
1 1 4 1 1 1 1 1 1 0
1 1 4 1 1 1 3 1 1 0
0 1 4 0 1 0 0 0 0 1
0 1 4 0 1 0 4 0 0 1
0 1 4 1 1 0 2 0 0 0
0 1 4 1 1 0 3 0 0 0
0 1 4 0 1 0 2 1 0 1
0 1 4 1 1 0 1 1 0 0
0 1 4 1 1 0 4 1 0 0
0 1 0 2 0 0 0 0 1 0
0 1 4 0 1 0 2 0 1 1
0 1 4 1 1 0 0 0 1 1
0 1 4 1 1 0 1 0 1 1
0 1 4 1 1 0 4 0 1 0
0 1 4 0 1 0 0 1 1 1
0 1 4 0 1 0 1 1 1 0
0 1 4 0 1 0 3 1 1 1
0 1 4 0 1 0 4 1 1 0
0 1 4 1 1 0 2 1 1 1
1 1 2 2 1 0 3 1 0 1
1 1 5 0 0 0 0 0 0 0
1 1 1 1 0 0 0 0 0 1
1 1 5 1 0 0 1 0 0 1
1 1 0 1 0 0 3 0 0 1
1 1 1 0 0 0 0 1 0 1
1 1 1 0 0 0 4 1 0 1
1 1 0 2 0 0 0 1 0 0
1 1 1 0 0 0 0 0 1 0
1 1 0 1 0 0 4 1 1 0
0 1 3 1 0 0 4 1 1 0
1 1 2 0 0 0 0 0 0 1
1 1 3 2 1 0 1 0 0 1
1 1 3 2 1 0 2 0 0 0
1 1 2 2 1 0 4 0 0 1
1 1 3 2 1 0 4 0 0 0
2 1 3 2 1 0 0 0 0 0
2 1 2 2 1 0 2 0 0 0
2 1 3 2 1 0 3 0 0 1
2 1 2 2 1 0 4 0 0 1
2 1 3 0 0 1 3 0 0 1
1 1 3 2 1 1 0 0 0 0
2 1 2 2 1 1 1 0 0 1
2 1 3 2 1 1 2 0 0 0
2 1 2 2 1 1 3 0 0 0
2 1 3 2 1 1 4 0 0 0
1 1 3 0 0 0 1 1 0 1
1 1 3 0 0 0 2 1 0 0
2 1 3 0 0 0 3 1 0 1
1 1 2 2 1 0 1 1 0 0
1 1 2 2 1 0 2 1 0 0
1 1 3 2 1 0 3 1 0 1
2 1 2 2 1 0 0 1 0 1
2 1 3 2 1 0 2 1 0 0
2 1 2 2 1 0 3 1 0 1
2 1 3 2 1 0 4 1 0 0
1 1 2 0 0 1 2 1 0 1
1 1 3 2 1 1 2 1 0 0
1 1 2 2 1 1 4 1 0 1
2 1 3 2 1 1 0 1 0 1
2 1 2 2 1 1 2 1 0 0
2 1 3 2 1 1 3 1 0 0
1 1 3 0 0 0 1 0 1 0
1 1 3 0 0 0 2 0 1 1
2 1 2 0 0 0 0 0 1 1
1 1 2 2 1 0 1 0 1 1
1 1 2 2 1 0 3 0 1 0
1 1 3 2 1 0 3 0 1 0
2 1 2 2 1 0 1 0 1 1
2 1 3 2 1 0 2 0 1 0
1 1 3 2 1 1 2 0 1 1
1 1 3 2 1 1 4 0 1 1
2 1 2 2 1 1 0 0 1 0
2 1 3 2 1 1 1 0 1 0
2 1 3 2 1 1 3 0 1 0
2 1 2 2 1 1 4 0 1 1
1 1 2 0 0 0 2 1 1 0
2 1 3 0 0 0 2 1 1 1
1 1 3 2 1 0 0 1 1 1
1 1 3 2 1 0 2 1 1 1
1 1 3 2 1 0 4 1 1 0
2 1 3 2 1 0 1 1 1 0
2 1 2 0 0 1 0 1 1 0
2 1 2 0 0 1 2 1 1 1
2 1 3 0 0 1 3 1 1 1
1 1 2 2 1 1 0 1 1 0
1 1 3 2 1 1 1 1 1 0
1 1 2 2 1 1 2 1 1 1
1 1 2 2 1 1 3 1 1 1
2 1 2 2 1 1 1 1 1 0
2 1 3 2 1 1 2 1 1 1
2 1 3 2 1 1 4 1 1 1
0 1 3 0 0 0 1 0 0 0
0 1 2 0 0 0 3 0 0 0
0 1 3 2 1 0 0 0 0 1
0 1 2 2 1 0 1 0 0 0
0 1 2 2 1 0 2 0 0 0
0 1 3 2 1 0 2 0 0 0
0 1 3 2 1 0 3 0 0 1
0 1 3 2 1 0 4 0 0 0
0 1 2 2 1 0 0 1 0 0
0 1 2 2 1 0 3 1 0 0
0 1 2 2 1 0 4 1 0 1
0 1 3 0 0 0 2 0 1 0
0 1 2 2 1 0 0 0 1 0
0 1 3 2 1 0 1 0 1 1
0 1 2 2 1 0 3 0 1 0
0 1 2 0 0 0 0 1 1 1
0 1 3 0 0 0 0 1 1 1
0 1 2 0 0 0 3 1 1 0
0 1 2 0 0 0 4 1 1 1
0 1 2 2 1 0 1 1 1 1
0 1 2 2 1 0 2 1 1 1
1 1 2 0 0 0 1 0 0 0
1 1 1 0 0 0 3 0 0 0
1 1 2 0 0 0 3 0 0 1
1 1 3 0 0 0 3 0 0 1
1 1 5 0 0 0 3 0 0 0
2 1 0 0 0 0 0 0 0 0
2 1 3 0 0 0 0 0 0 1
2 1 5 0 0 0 0 0 0 1
2 1 0 0 0 0 1 0 0 0
2 1 1 0 0 0 2 0 0 1
2 1 3 0 0 0 2 0 0 1
2 1 5 0 0 0 2 0 0 0
2 1 0 0 0 0 4 0 0 1
1 1 2 1 0 0 0 0 0 1
1 1 3 1 0 0 0 0 0 0
1 1 1 1 0 0 1 0 0 0
1 1 0 1 0 0 4 0 0 0
1 1 3 1 0 0 4 0 0 1
1 1 5 1 0 0 4 0 0 1
2 1 0 1 0 0 0 0 0 1
2 1 1 1 0 0 0 0 0 0
2 1 0 1 0 0 1 0 0 1
2 1 3 1 0 0 1 0 0 0
2 1 5 1 0 0 1 0 0 0
2 1 5 1 0 0 2 0 0 1
2 1 0 1 0 0 3 0 0 1
2 1 2 1 0 0 3 0 0 1
2 1 5 1 0 0 3 0 0 1
2 1 1 1 0 0 4 0 0 0
2 1 5 1 0 0 4 0 0 0
1 1 1 2 0 0 0 0 0 0
1 1 1 2 0 0 1 0 0 0
1 1 0 2 0 0 2 0 0 1
1 1 4 2 1 0 2 0 0 1
1 1 4 2 1 0 3 0 0 0
1 1 0 2 0 0 4 0 0 0
2 1 5 2 0 0 0 0 0 1
2 1 4 2 1 0 1 0 0 1
2 1 5 2 0 0 1 0 0 0
2 1 1 2 0 0 3 0 0 0
2 1 5 2 0 0 3 0 0 1
1 1 0 0 0 1 0 0 0 1
1 1 0 0 0 1 2 0 0 0
1 1 1 0 0 1 2 0 0 1
1 1 5 0 0 1 2 0 0 1
1 1 0 0 0 1 4 0 0 1
1 1 1 0 0 1 4 0 0 0
1 1 2 0 0 1 4 0 0 1
1 1 5 0 0 1 4 0 0 0
2 1 1 0 0 1 0 0 0 0
2 1 1 0 0 1 1 0 0 1
2 1 2 0 0 1 1 0 0 0
2 1 3 0 0 1 1 0 0 0
2 1 5 0 0 1 1 0 0 1
2 1 2 0 0 1 3 0 0 1
2 1 3 0 0 1 4 0 0 1
1 1 2 1 0 1 1 0 0 0
1 1 3 1 0 1 1 0 0 0
1 1 0 1 0 1 2 0 0 1
1 1 3 1 0 1 2 0 0 1
1 1 5 1 0 1 2 0 0 0
1 1 5 1 0 1 3 0 0 0
2 1 5 1 0 1 0 0 0 0
2 1 1 1 0 1 2 0 0 1
2 1 3 1 0 1 3 0 0 0
2 1 2 1 0 1 4 0 0 1
1 1 4 2 1 1 0 0 0 1
1 1 5 2 0 1 0 0 0 0
1 1 1 2 0 1 2 0 0 1
1 1 5 2 0 1 3 0 0 0
1 1 1 2 0 1 4 0 0 1
2 1 0 2 0 1 0 0 0 1
2 1 1 2 0 1 0 0 0 1
2 1 0 2 0 1 1 0 0 0
2 1 1 2 0 1 1 0 0 1
2 1 0 2 0 1 2 0 0 1
2 1 5 2 0 1 2 0 0 0
2 1 0 2 0 1 3 0 0 0
2 1 4 2 1 1 3 0 0 0
2 1 4 2 1 1 4 0 0 1
1 1 0 0 0 0 0 1 0 1
1 1 5 0 0 0 1 1 0 1
1 1 0 0 0 0 2 1 0 0
1 1 1 0 0 0 2 1 0 1
2 1 1 0 0 0 0 1 0 0
2 1 2 0 0 0 0 1 0 0
2 1 3 0 0 0 1 1 0 0
2 1 2 0 0 0 2 1 0 0
2 1 0 0 0 0 3 1 0 0
2 1 1 0 0 0 3 1 0 1
2 1 2 0 0 0 3 1 0 0
2 1 1 0 0 0 4 1 0 1
1 1 5 1 0 0 0 1 0 1
1 1 0 1 0 0 1 1 0 0
1 1 3 1 0 0 1 1 0 0
1 1 3 1 0 0 2 1 0 1
1 1 5 1 0 0 2 1 0 0
1 1 2 1 0 0 3 1 0 0
1 1 5 1 0 0 3 1 0 1
1 1 2 1 0 0 4 1 0 1
2 1 1 1 0 0 1 1 0 0
2 1 0 1 0 0 2 1 0 0
2 1 3 1 0 0 3 1 0 0
2 1 2 1 0 0 4 1 0 1
1 1 4 2 1 0 0 1 0 1
1 1 4 2 1 0 1 1 0 0
1 1 5 2 0 0 1 1 0 1
1 1 5 2 0 0 2 1 0 1
1 1 0 2 0 0 3 1 0 1
1 1 1 2 0 0 3 1 0 0
2 1 0 2 0 0 0 1 0 0
2 1 1 2 0 0 0 1 0 1
2 1 0 2 0 0 2 1 0 0
2 1 1 2 0 0 2 1 0 1
2 1 4 2 1 0 3 1 0 0
2 1 4 2 1 0 4 1 0 1
2 1 5 2 0 0 4 1 0 0
1 1 2 0 0 1 0 1 0 0
1 1 0 0 0 1 1 1 0 1
1 1 1 0 0 1 1 1 0 1
1 1 2 0 0 1 1 1 0 0
1 1 0 0 0 1 3 1 0 1
1 1 1 0 0 1 3 1 0 0
1 1 3 0 0 1 4 1 0 1
2 1 0 0 0 1 0 1 0 1
2 1 5 0 0 1 0 1 0 0
2 1 5 0 0 1 2 1 0 0
2 1 5 0 0 1 3 1 0 1
2 1 5 0 0 1 4 1 0 0
1 1 0 1 0 1 0 1 0 0
1 1 1 1 0 1 1 1 0 0
1 1 5 1 0 1 1 1 0 1
1 1 1 1 0 1 2 1 0 0
1 1 2 1 0 1 2 1 0 0
1 1 3 1 0 1 3 1 0 1
1 1 1 1 0 1 4 1 0 0
1 1 5 1 0 1 4 1 0 1
2 1 1 1 0 1 0 1 0 0
2 1 3 1 0 1 0 1 0 1
2 1 2 1 0 1 1 1 0 1
2 1 3 1 0 1 1 1 0 0
2 1 3 1 0 1 2 1 0 1
2 1 5 1 0 1 2 1 0 0
2 1 1 1 0 1 3 1 0 1
2 1 2 1 0 1 3 1 0 1
2 1 5 1 0 1 3 1 0 1
2 1 0 1 0 1 4 1 0 0
2 1 3 1 0 1 4 1 0 1
1 1 1 2 0 1 0 1 0 0
1 1 0 2 0 1 1 1 0 0
2 1 5 2 0 1 0 1 0 0
2 1 4 2 1 1 2 1 0 0
2 1 0 2 0 1 4 1 0 1
2 1 1 2 0 1 4 1 0 1
1 1 1 0 0 0 1 0 1 0
1 1 5 0 0 0 1 0 1 1
1 1 0 0 0 0 2 0 1 1
1 1 0 0 0 0 3 0 1 0
1 1 1 0 0 0 4 0 1 1
1 1 3 0 0 0 4 0 1 1
2 1 1 0 0 0 0 0 1 0
2 1 1 0 0 0 1 0 1 0
2 1 2 0 0 0 1 0 1 0
2 1 3 0 0 0 1 0 1 1
0 0 0 0 0 0 0 0 1 0
0 1 0 2 0 0 2 1 0 1
0 1 3 1 0 0 1 1 0 1
0 1 3 0 0 0 4 1 0 0
0 1 5 2 0 0 0 0 0 0
0 1 5 1 0 0 1 1 1 0
0 1 5 1 0 0 2 1 0 1
0 1 5 1 0 0 3 0 1 1
0 1 5 0 0 0 4 0 0 0
1 1 2 2 1 1 1 1 0 1
2 1 5 0 0 0 1 1 1 0
2 1 5 0 0 0 3 1 1 0
1 1 2 1 0 0 1 1 1 0
1 1 1 1 0 0 2 0 0 1
1 1 1 1 0 0 3 1 1 0
2 1 3 1 0 0 0 0 1 1
1 1 1 2 0 0 2 0 1 1
1 1 5 2 0 0 3 0 1 1
1 1 1 2 0 0 4 1 1 0
1 1 5 2 0 0 4 1 1 0
2 1 0 2 0 0 3 1 1 1
2 1 0 2 0 0 4 1 1 0
2 1 1 0 0 1 3 0 1 0
1 1 1 1 0 1 0 1 1 1
2 1 0 1 0 1 2 0 1 1
2 1 0 1 0 1 3 1 0 0
1 1 0 2 0 1 2 1 1 1
1 1 0 2 0 1 3 1 1 0
2 1 5 2 0 1 1 1 0 0
0 0 4 0 1 0 2 0 0 1
0 0 4 1 1 0 4 0 0 1
0 0 4 0 1 0 3 1 0 1
0 0 4 1 1 0 2 1 0 0
1 1 4 0 1 0 4 0 1 0
1 1 4 1 1 0 0 0 0 0
1 1 4 1 1 0 2 0 0 0
2 1 4 1 1 0 0 0 1 1
2 1 4 1 1 0 2 0 1 1
2 1 4 0 1 1 0 0 1 0
2 1 4 0 1 1 2 0 0 1
1 1 4 1 1 1 0 0 1 0
1 1 4 1 1 1 1 0 0 0
1 1 0 0 0 0 3 1 1 0
1 1 4 0 1 0 2 1 0 0
2 1 4 0 1 0 0 1 1 0
2 1 4 0 1 0 1 1 0 1
2 1 4 0 1 0 2 1 0 0
2 1 4 0 1 0 4 1 1 1
1 1 4 0 1 1 1 1 0 1
1 1 4 0 1 1 4 1 1 0
2 1 4 1 1 1 0 1 1 0
2 1 4 1 1 1 1 1 0 1
2 1 4 1 1 1 4 1 0 0
0 1 4 0 1 0 1 0 0 0
0 1 4 0 1 0 3 0 0 0
0 1 0 2 0 0 0 1 1 1
0 1 4 1 1 0 0 1 0 0
0 1 4 1 1 0 3 1 1 0
0 1 3 2 1 0 2 1 1 0
0 0 3 2 1 0 0 0 0 0
0 0 3 2 1 0 1 0 1 1
0 0 2 2 1 0 2 0 1 0
0 0 2 2 1 0 0 1 1 0
0 0 3 2 1 0 2 1 1 0
0 0 2 2 1 0 3 1 0 0
2 1 2 0 0 1 0 0 0 1
1 1 5 1 0 1 1 0 1 0
1 1 3 1 0 1 4 0 1 0
1 1 5 0 0 1 1 1 1 0
1 1 3 0 0 1 2 1 1 0
2 1 2 0 0 1 4 1 1 0
2 1 0 1 0 1 1 1 0 1
1 1 0 2 0 1 0 1 1 1
1 1 5 2 0 1 2 1 0 1
1 1 4 2 1 1 3 1 1 0
0 0 3 0 0 0 0 0 1 0
0 0 2 0 0 0 1 0 0 1
0 0 1 0 0 0 2 0 0 1
0 0 3 0 0 0 2 0 1 0
0 0 5 0 0 0 2 0 1 1
0 0 1 0 0 0 3 0 1 1
0 0 0 0 0 0 4 0 1 0
0 0 0 1 0 0 0 0 1 0
0 0 2 1 0 0 0 0 0 0
0 0 0 1 0 0 3 0 1 1
0 0 1 1 0 0 3 0 1 0
0 0 5 1 0 0 3 0 0 1
0 0 3 1 0 0 4 0 1 1
0 0 5 2 0 0 0 0 0 1
0 0 4 2 1 0 1 0 0 0
0 0 5 2 0 0 3 0 1 0
0 0 1 2 0 0 4 0 1 1
0 0 0 0 0 0 0 1 0 1
0 0 2 0 0 0 0 1 0 1
0 0 5 0 0 0 0 1 1 1
0 0 0 0 0 0 1 1 1 1
0 0 0 0 0 0 2 1 0 1
0 0 3 0 0 0 4 1 1 0
0 0 1 1 0 0 0 1 1 0
0 0 0 1 0 0 2 1 1 1
0 0 1 1 0 0 2 1 0 0
0 0 5 1 0 0 2 1 1 1
0 0 0 1 0 0 4 1 1 0
0 0 2 1 0 0 4 1 0 1
0 0 0 2 0 0 0 1 0 0
0 0 1 2 0 0 1 1 1 0
0 0 5 2 0 0 1 1 1 1
0 0 0 2 0 0 3 1 0 1
0 0 0 2 0 0 4 1 0 1
0 0 5 2 0 0 4 1 0 0
1 1 1 0 0 0 1 1 0 0
1 1 5 0 0 0 4 1 1 1
1 1 2 0 0 0 2 0 1 1
1 1 5 0 0 0 2 0 0 0
2 1 3 0 0 0 3 0 1 0
1 1 2 2 1 0 0 0 0 1
1 1 3 2 1 0 0 0 1 0
1 1 2 2 1 0 2 0 1 0
2 1 2 2 1 0 0 0 1 1
2 1 3 2 1 0 1 0 0 1
2 1 2 2 1 0 3 0 1 0
2 1 3 2 1 0 4 0 1 1
2 1 3 0 0 1 0 0 0 0
1 1 2 2 1 1 1 0 1 0
1 1 2 2 1 1 3 0 0 1
1 1 3 2 1 1 3 0 0 1
1 1 2 2 1 1 4 0 1 0
2 1 3 2 1 1 0 0 1 1
1 1 2 0 0 0 0 1 1 1
1 1 3 0 0 0 4 1 0 0
2 1 3 0 0 0 0 1 1 0
2 1 2 2 1 0 1 1 0 0
2 1 2 2 1 0 2 1 1 1
2 1 3 2 1 0 3 1 1 0
2 1 2 2 1 0 4 1 1 0
1 1 3 0 0 1 0 1 0 0
1 1 2 0 0 1 3 1 0 0
1 1 3 2 1 1 0 1 1 0
1 1 3 2 1 1 4 1 0 0
2 1 2 2 1 1 0 1 1 1
2 1 3 2 1 1 1 1 0 1
0 1 3 0 0 0 4 0 1 1
0 1 2 2 1 0 4 0 1 0
0 1 3 0 0 0 2 1 1 1
0 1 3 2 1 0 0 1 0 0
0 1 3 2 1 0 1 1 1 1
0 1 3 2 1 0 3 1 1 0
0 1 3 2 1 0 4 1 1 1
1 1 0 0 0 0 0 0 1 1
1 1 3 0 0 0 0 0 1 1
1 1 1 0 0 0 2 0 1 0
1 1 0 0 0 0 4 0 1 0
2 1 5 0 0 0 1 0 0 0
2 1 2 0 0 0 2 0 1 0
2 1 0 0 0 0 3 0 1 1
2 1 1 0 0 0 3 0 1 0
2 1 5 0 0 0 3 0 1 0
2 1 1 0 0 0 4 0 1 0
1 1 0 1 0 0 0 0 1 1
1 1 2 1 0 0 1 0 0 1
1 1 3 1 0 0 1 0 1 1
1 1 2 1 0 0 2 0 1 1
1 1 3 1 0 0 2 0 1 0
1 1 5 1 0 0 2 0 1 1
1 1 1 1 0 0 3 0 1 1
1 1 2 1 0 0 3 0 1 1
1 1 3 1 0 0 3 0 0 1
1 1 5 1 0 0 3 0 1 0
1 1 1 1 0 0 4 0 1 1
2 1 5 1 0 0 0 0 1 0
2 1 1 1 0 0 1 0 1 1
2 1 2 1 0 0 1 0 1 0
2 1 0 1 0 0 2 0 1 0
2 1 3 1 0 0 2 0 1 1
2 1 1 1 0 0 3 0 1 0
2 1 3 1 0 0 3 0 1 1
2 1 2 1 0 0 4 0 1 1
2 1 3 1 0 0 4 0 1 0
1 1 5 2 0 0 0 0 1 0
1 1 4 2 1 0 1 0 0 1
1 1 5 2 0 0 1 0 0 0
1 1 5 2 0 0 2 0 0 0
1 1 1 2 0 0 4 0 1 0
1 1 4 2 1 0 4 0 1 1
1 1 5 2 0 0 4 0 0 0
2 1 0 2 0 0 0 0 1 1
2 1 1 2 0 0 0 0 1 0
2 1 1 2 0 0 1 0 1 1
2 1 0 2 0 0 2 0 1 0
2 1 1 2 0 0 2 0 1 0
2 1 4 2 1 0 2 0 1 0
2 1 0 2 0 0 3 0 0 0
2 1 0 2 0 0 4 0 0 0
2 1 4 2 1 0 4 0 1 1
1 1 2 0 0 1 0 0 1 1
1 1 5 0 0 1 0 0 1 1
1 1 0 0 0 1 1 0 1 1
1 1 2 0 0 1 1 0 1 1
1 1 3 0 0 1 1 0 0 1
1 1 2 0 0 1 2 0 0 0
1 1 1 0 0 1 3 0 1 1
1 1 3 0 0 1 3 0 1 1
1 1 5 0 0 1 3 0 1 1
1 1 3 0 0 1 4 0 1 0
2 1 0 0 0 1 0 0 1 1
2 1 0 0 0 1 2 0 0 0
2 1 1 0 0 1 2 0 1 0
2 1 0 0 0 1 3 0 0 0
1 1 1 1 0 1 0 0 0 0
1 1 5 1 0 1 0 0 1 1
1 1 2 1 0 1 4 0 1 1
2 1 2 1 0 1 0 0 1 1
2 1 3 1 0 1 0 0 1 0
2 1 5 1 0 1 1 0 0 1
2 1 0 1 0 1 3 0 1 1
2 1 2 1 0 1 3 0 1 0
2 1 5 1 0 1 3 0 1 0
2 1 0 1 0 1 4 0 1 1
2 1 3 1 0 1 4 0 0 0
2 1 5 1 0 1 4 0 0 1
1 1 1 2 0 1 0 0 1 0
1 1 1 2 0 1 1 0 1 1
1 1 0 2 0 1 2 0 1 0
1 1 0 2 0 1 3 0 0 0
1 1 0 2 0 1 4 0 1 0
1 1 4 2 1 1 4 0 1 0
1 1 5 2 0 1 4 0 1 1
2 1 4 2 1 1 0 0 1 0
2 1 4 2 1 1 1 0 1 1
2 1 5 2 0 1 1 0 1 0
2 1 1 2 0 1 4 0 1 0
1 1 5 0 0 0 0 1 1 0
1 1 2 0 0 0 1 1 1 0
1 1 1 0 0 0 3 1 1 1
1 1 2 0 0 0 3 1 1 1
1 1 3 0 0 0 3 1 1 1
1 1 5 0 0 0 3 1 1 1
2 1 5 0 0 0 0 1 1 1
2 1 1 0 0 0 1 1 0 0
2 1 0 0 0 0 2 1 1 1
2 1 1 0 0 0 2 1 1 0
2 1 0 0 0 0 4 1 1 1
2 1 2 0 0 0 4 1 1 0
2 1 3 0 0 0 4 1 1 1
2 1 5 0 0 0 4 1 1 0
1 1 2 1 0 0 0 1 0 1
1 1 1 1 0 0 1 1 1 1
1 1 5 1 0 0 1 1 1 1
1 1 0 1 0 0 2 1 1 0
1 1 1 1 0 0 2 1 1 0
1 1 3 1 0 0 4 1 1 1
1 1 5 1 0 0 4 1 1 0
2 1 1 1 0 0 0 1 1 1
2 1 3 1 0 0 0 1 1 0
2 1 0 1 0 0 1 1 1 1
2 1 3 1 0 0 1 1 1 1
2 1 2 1 0 0 2 1 1 1
2 1 5 1 0 0 2 1 1 1
2 1 2 1 0 0 3 1 1 0
2 1 0 1 0 0 4 1 1 0
2 1 1 1 0 0 4 1 1 1
2 1 5 1 0 0 4 1 0 0
1 1 1 2 0 0 0 1 1 1
1 1 0 2 0 0 1 1 1 1
1 1 1 2 0 0 1 1 1 0
1 1 1 2 0 0 2 1 1 0
1 1 4 2 1 0 2 1 1 0
1 1 4 2 1 0 3 1 1 1
1 1 5 2 0 0 3 1 0 0
1 1 0 2 0 0 4 1 1 1
2 1 4 2 1 0 0 1 1 1
2 1 5 2 0 0 0 1 1 0
2 1 4 2 1 0 1 1 1 1
2 1 5 2 0 0 1 1 1 1
2 1 5 2 0 0 2 1 1 1
2 1 1 2 0 0 3 1 1 1
2 1 1 2 0 0 4 1 1 0
1 1 0 0 0 1 2 1 1 0
1 1 1 0 0 1 2 1 1 1
1 1 5 0 0 1 2 1 1 0
1 1 2 0 0 1 4 1 1 0
2 1 1 0 0 1 0 1 1 1
2 1 0 0 0 1 1 1 1 1
2 1 2 0 0 1 1 1 1 0
2 1 5 0 0 1 1 1 0 1
2 1 3 0 0 1 2 1 0 0
2 1 1 0 0 1 3 1 0 0
2 1 1 0 0 1 4 1 1 0
1 1 2 1 0 1 0 1 1 1
1 1 3 1 0 1 0 1 1 1
1 1 0 1 0 1 1 1 1 1
1 1 3 1 0 1 2 1 1 0
1 1 5 1 0 1 2 1 1 1
1 1 2 1 0 1 3 1 1 0
1 1 5 1 0 1 3 1 1 1
1 1 0 1 0 1 4 1 1 1
2 1 1 1 0 1 1 1 1 0
2 1 0 1 0 1 2 1 1 1
2 1 2 1 0 1 2 1 0 1
2 1 3 1 0 1 3 1 1 0
2 1 2 1 0 1 4 1 1 0
1 1 5 2 0 1 0 1 1 0
1 1 5 2 0 1 1 1 1 0
1 1 4 2 1 1 2 1 0 1
1 1 1 2 0 1 3 1 0 1
1 1 1 2 0 1 4 1 1 1
2 1 0 2 0 1 0 1 1 0
2 1 1 2 0 1 0 1 1 0
2 1 0 2 0 1 1 1 1 1
2 1 1 2 0 1 1 1 0 0
2 1 1 2 0 1 2 1 1 0
2 1 5 2 0 1 2 1 1 0
2 1 4 2 1 1 3 1 1 1
0 1 0 0 0 0 0 0 1 1
0 1 3 0 0 0 0 0 0 0
0 1 5 0 0 0 0 0 1 0
0 1 2 0 0 0 1 0 1 0
0 1 1 0 0 0 2 0 1 0
0 1 5 0 0 0 2 0 0 1
0 1 0 0 0 0 3 0 1 0
0 1 1 0 0 0 3 0 0 1
0 1 3 0 0 0 3 0 1 0
0 1 0 0 0 0 4 0 0 0
0 1 0 1 0 0 0 0 0 1
0 1 2 1 0 0 0 0 1 0
0 1 0 1 0 0 1 0 1 1
0 1 3 1 0 0 1 0 1 0
0 1 5 1 0 0 1 0 0 0
0 1 2 1 0 0 2 0 0 1
0 1 5 1 0 0 2 0 1 1
0 1 2 1 0 0 3 0 1 0
0 1 1 1 0 0 4 0 1 1
0 1 2 1 0 0 4 0 0 0
0 1 3 1 0 0 4 0 0 1
0 1 5 1 0 0 4 0 1 0
0 1 1 2 0 0 1 0 1 0
0 1 0 2 0 0 2 0 1 1
0 1 1 2 0 0 2 0 1 0
0 1 4 2 1 0 3 0 1 0
0 1 5 2 0 0 3 0 0 0
0 1 0 2 0 0 4 0 0 1
0 1 5 2 0 0 4 0 0 1
0 1 0 0 0 0 1 1 0 1
0 1 1 0 0 0 1 1 0 0
0 1 3 0 0 0 1 1 1 1
0 1 5 0 0 0 1 1 0 0
0 1 2 0 0 0 2 1 1 1
0 1 5 0 0 0 3 1 0 0
0 1 1 0 0 0 4 1 1 1
0 1 5 0 0 0 4 1 1 0
0 1 1 1 0 0 0 1 1 1
0 1 3 1 0 0 0 1 1 1
0 1 5 1 0 0 0 1 1 0
0 1 2 1 0 0 1 1 1 0
0 1 0 1 0 0 2 1 0 1
0 1 1 1 0 0 2 1 1 0
0 1 3 1 0 0 2 1 1 1
0 1 1 1 0 0 3 1 1 0
0 1 3 1 0 0 3 1 1 1
0 1 5 1 0 0 3 1 0 0
0 1 0 1 0 0 4 1 0 1
0 1 1 2 0 0 0 1 1 0
0 1 4 2 1 0 0 1 1 0
0 1 5 2 0 0 0 1 0 1
0 1 0 2 0 0 1 1 1 0
0 1 4 2 1 0 1 1 0 1
0 1 5 2 0 0 1 1 1 0
0 1 4 2 1 0 2 1 1 0
0 1 5 2 0 0 2 1 1 1
0 1 0 2 0 0 3 1 1 1
0 1 1 2 0 0 3 1 1 1
0 1 1 2 0 0 4 1 1 0
0 1 4 2 1 0 4 1 1 1
2 1 4 0 1 1 4 0 1 1
2 1 4 1 1 1 2 1 1 0
1 1 4 1 1 1 4 1 1 0
0 0 1 2 0 0 4 0 0 1
0 0 4 0 1 0 0 0 0 1
0 0 4 0 1 0 1 0 0 1
0 0 4 0 1 0 3 0 0 0
0 0 4 0 1 0 4 0 0 0
0 0 4 1 1 0 0 0 0 0
0 0 4 1 1 0 2 0 0 1
0 0 4 0 1 0 1 1 0 0
0 0 4 1 1 0 1 1 0 0
0 0 4 1 1 0 4 1 0 1
0 0 2 2 1 0 2 1 0 1
0 0 4 0 1 0 2 0 1 0
0 0 4 1 1 0 1 0 1 0
0 0 4 1 1 0 3 0 1 0
0 0 4 1 1 0 4 0 1 1
0 0 0 2 0 0 3 1 1 1
0 0 0 2 0 0 4 1 1 0
0 0 4 0 1 0 0 1 1 1
0 0 4 0 1 0 3 1 1 0
0 0 4 0 1 0 4 1 1 1
0 0 4 1 1 0 0 1 1 0
0 0 4 1 1 0 2 1 1 1
0 0 4 1 1 0 3 1 1 1
1 1 4 0 1 1 3 0 1 1
2 1 2 2 1 1 2 0 1 1
1 1 4 0 1 0 1 0 0 0
1 1 4 0 1 1 2 0 0 0
2 1 4 1 1 0 3 1 0 0
1 1 4 1 1 0 4 0 1 0
1 1 4 0 1 0 3 1 1 0
1 1 0 0 0 0 1 0 0 1
2 1 0 1 0 1 3 0 0 0
2 1 2 0 0 1 4 1 0 1
0 1 5 2 0 0 0 0 1 1
0 0 2 2 1 0 3 0 0 1
1 1 3 2 1 1 1 0 0 0
1 1 2 2 1 1 4 0 0 0
1 1 2 2 1 1 0 1 0 1
2 1 3 0 0 1 2 0 1 0
2 1 2 2 1 1 3 0 1 1
1 1 2 2 1 1 4 1 1 0
0 0 3 0 0 0 0 0 0 1
0 0 2 0 0 0 4 0 0 1
0 0 2 2 1 0 1 0 0 0
0 0 3 2 1 0 1 0 0 0
0 0 2 2 1 0 2 0 0 1
0 0 3 2 1 0 3 0 0 1
0 0 2 2 1 0 0 1 0 0
0 0 3 2 1 0 0 1 0 1
0 0 3 2 1 0 2 1 0 1
0 0 2 2 1 0 4 1 0 0
0 0 3 0 0 0 1 0 1 0
0 0 2 2 1 0 0 0 1 0
0 0 3 2 1 0 0 0 1 1
0 0 3 2 1 0 2 0 1 1
0 0 2 2 1 0 4 0 1 0
0 0 3 0 0 0 2 1 1 0
0 0 2 0 0 0 4 1 1 1
0 0 2 2 1 0 1 1 1 1
0 0 3 2 1 0 1 1 1 1
0 0 2 2 1 0 3 1 1 0
0 0 3 2 1 0 3 1 1 0
0 0 3 2 1 0 4 1 1 1
2 1 0 0 0 1 1 0 0 1
2 1 1 0 0 1 3 0 0 1
1 1 4 2 1 1 1 0 0 0
2 1 1 2 0 1 3 0 0 0
2 1 0 2 0 1 4 0 0 0
2 1 5 2 0 1 4 0 0 1
2 1 0 0 0 1 2 1 0 1
2 1 1 0 0 1 2 1 0 0
1 1 5 1 0 1 0 1 0 0
1 1 0 2 0 1 0 1 0 1
1 1 4 2 1 1 3 1 0 1
2 1 0 0 0 1 3 0 1 0
2 1 1 1 0 1 0 0 1 0
2 1 2 1 0 1 1 0 1 0
2 1 3 1 0 1 2 0 1 1
2 1 5 1 0 1 2 0 1 0
1 1 0 2 0 1 1 0 1 0
1 1 1 2 0 1 2 0 1 1
2 1 4 2 1 1 2 0 1 1
1 1 4 2 1 1 3 0 1 0
1 1 0 0 0 1 0 1 1 0
2 1 5 0 0 1 0 1 1 1
1 1 1 0 0 1 3 1 1 0
1 1 5 0 0 1 4 1 1 0
2 1 1 1 0 1 2 1 1 1
1 1 2 1 0 1 2 1 1 1
1 1 1 1 0 1 4 1 1 1
2 1 0 2 0 1 4 1 1 0
0 0 0 0 0 0 0 0 0 1
0 0 5 0 0 0 1 0 0 1
0 0 0 0 0 0 2 0 0 0
0 0 3 0 0 0 2 0 0 0
0 0 5 0 0 0 2 0 0 0
0 0 1 0 0 0 3 0 0 1
0 0 2 0 0 0 3 0 0 1
0 0 0 0 0 0 4 0 0 1
0 0 1 0 0 0 4 0 0 0
0 0 5 0 0 0 4 0 0 0
0 0 0 1 0 0 0 0 0 1
0 0 3 1 0 0 0 0 0 1
0 0 5 1 0 0 0 0 0 1
0 0 1 1 0 0 1 0 0 0
0 0 2 1 0 0 1 0 0 1
0 0 1 1 0 0 2 0 0 0
0 0 2 1 0 0 2 0 0 0
0 0 0 1 0 0 3 0 0 1
0 0 1 1 0 0 3 0 0 0
0 0 3 1 0 0 3 0 0 0
0 0 1 1 0 0 4 0 0 1
0 0 2 1 0 0 4 0 0 0
0 0 3 1 0 0 4 0 0 0
0 0 4 2 1 0 0 0 0 0
0 0 0 2 0 0 1 0 0 1
0 0 5 2 0 0 2 0 0 1
0 0 0 2 0 0 3 0 0 0
0 0 5 2 0 0 3 0 0 1
0 0 0 2 0 0 4 0 0 0
0 0 5 2 0 0 4 0 0 1
0 0 5 0 0 0 0 1 0 0
0 0 0 0 0 0 1 1 0 0
0 0 1 0 0 0 1 1 0 1
0 0 2 0 0 0 1 1 0 1
0 0 1 0 0 0 2 1 0 0
0 0 3 0 0 0 3 1 0 1
0 0 5 0 0 0 3 1 0 0
0 0 3 0 0 0 4 1 0 1
0 0 1 1 0 0 0 1 0 1
0 0 2 1 0 0 0 1 0 0
0 0 0 1 0 0 1 1 0 0
0 0 3 1 0 0 1 1 0 1
0 0 5 1 0 0 1 1 0 0
0 0 0 1 0 0 2 1 0 1
0 0 5 1 0 0 2 1 0 0
0 0 2 1 0 0 3 1 0 0
0 0 5 1 0 0 3 1 0 1
0 0 0 1 0 0 4 1 0 1
0 0 1 1 0 0 4 1 0 0
0 0 5 1 0 0 4 1 0 1
0 0 5 2 0 0 0 1 0 0
0 0 1 2 0 0 1 1 0 0
0 0 5 2 0 0 1 1 0 1
0 0 0 2 0 0 2 1 0 1
0 0 4 2 1 0 2 1 0 1
0 0 4 2 1 0 3 1 0 0
0 0 4 2 1 0 4 1 0 0
0 0 1 0 0 0 0 0 1 0
0 0 5 0 0 0 0 0 1 1
0 0 0 0 0 0 1 0 1 1
0 0 1 0 0 0 1 0 1 1
0 0 2 0 0 0 1 0 1 1
0 0 1 0 0 0 2 0 1 0
0 0 2 0 0 0 2 0 1 1
0 0 0 0 0 0 3 0 1 1
0 0 3 0 0 0 3 0 1 0
0 0 5 0 0 0 3 0 1 0
0 0 3 0 0 0 4 0 1 1
0 0 1 1 0 0 0 0 1 0
0 0 2 1 0 0 0 0 1 0
0 0 0 1 0 0 1 0 1 1
0 0 3 1 0 0 1 0 1 0
0 0 5 1 0 0 1 0 1 1
0 0 0 1 0 0 2 0 1 0
0 0 2 1 0 0 3 0 1 0
0 0 5 1 0 0 3 0 1 1
0 0 5 1 0 0 4 0 1 0
0 0 5 2 0 0 0 0 1 1
0 0 1 2 0 0 1 0 1 0
0 0 4 2 1 0 1 0 1 1
0 0 5 2 0 0 1 0 1 0
0 0 1 2 0 0 2 0 1 1
0 0 4 2 1 0 3 0 1 1
0 0 0 0 0 0 0 1 1 0
0 0 1 0 0 0 0 1 1 1
0 0 2 0 0 0 0 1 1 0
0 0 3 0 0 0 1 1 1 1
0 0 5 0 0 0 1 1 1 0
0 0 0 0 0 0 2 1 1 0
0 0 2 0 0 0 3 1 1 1
0 0 1 0 0 0 4 1 1 0
0 0 5 0 0 0 4 1 1 0
0 0 3 1 0 0 0 1 1 1
0 0 5 1 0 0 0 1 1 1
0 0 1 1 0 0 1 1 1 0
0 0 2 1 0 0 1 1 1 1
0 0 1 1 0 0 2 1 1 0
0 0 2 1 0 0 2 1 1 0
0 0 3 1 0 0 2 1 1 0
0 0 0 1 0 0 3 1 1 1
0 0 1 1 0 0 3 1 1 0
0 0 3 1 0 0 3 1 1 0
0 0 2 1 0 0 4 1 1 0
0 0 3 1 0 0 4 1 1 1
0 0 0 2 0 0 0 1 1 1
0 0 1 2 0 0 0 1 1 0
0 0 4 2 1 0 0 1 1 0
0 0 0 2 0 0 1 1 1 1
0 0 1 2 0 0 2 1 1 1
0 0 5 2 0 0 2 1 1 1
0 0 1 2 0 0 3 1 1 1
0 0 5 2 0 0 3 1 1 0
0 0 1 2 0 0 4 1 1 1
0 0 5 2 0 0 4 1 1 1
1 1 2 0 0 0 2 0 0 0
2 1 1 1 0 0 1 0 0 1
2 1 2 0 0 0 1 0 0 1
2 1 4 1 1 0 2 0 0 1
2 1 3 0 0 0 4 0 0 0
2 1 1 0 0 1 4 0 0 0
1 1 5 2 0 0 4 1 0 1
2 1 0 1 0 0 4 1 0 1
1 1 3 1 0 1 1 1 0 1
2 1 4 2 1 0 3 0 1 0
2 1 3 0 0 1 4 0 1 0
2 1 1 2 0 0 1 1 1 0
2 1 4 0 1 0 2 1 1 1
2 1 3 0 0 1 1 1 1 1
2 1 4 2 1 1 4 1 1 0
1 1 2 2 1 1 1 0 0 0
2 1 2 2 1 1 0 0 0 0
1 1 3 2 1 0 0 1 0 1
2 1 3 2 1 0 0 1 1 0
2 1 2 2 1 1 3 1 1 0
1 1 3 2 1 0 1 0 1 0
0 1 2 0 0 0 0 0 0 1
0 1 1 1 0 0 2 0 0 1
0 1 2 0 0 0 2 1 0 0
0 1 3 0 0 0 2 1 0 0
0 1 2 2 1 0 2 0 1 1
0 1 0 1 0 0 4 0 1 0
0 1 3 2 1 0 1 1 0 0
0 1 3 2 1 0 0 0 1 0
1 1 1 0 0 1 0 0 0 1
1 1 3 0 0 1 0 0 0 1
1 1 3 0 0 0 4 0 0 0
2 1 2 0 0 1 2 0 0 1
1 1 2 1 0 1 4 0 0 0
2 1 3 1 0 0 0 0 0 1
2 1 0 1 0 1 2 0 0 0
2 1 1 1 0 0 3 0 0 0
1 1 4 2 1 1 4 0 0 0
1 1 5 0 0 1 2 1 0 1
2 1 3 0 0 0 0 1 0 1
2 1 2 0 0 1 1 1 0 1
1 1 3 1 0 0 0 1 0 1
1 1 2 1 0 1 1 1 0 0
1 1 1 1 0 0 3 1 0 1
1 1 5 2 0 0 0 1 0 1
1 1 1 2 0 1 1 1 0 0
1 1 1 2 0 0 4 1 0 1
2 1 0 2 0 1 1 1 0 0
2 1 5 2 0 0 2 1 0 1
2 1 1 2 0 1 3 1 0 1
1 1 5 0 0 1 2 0 1 0
1 1 2 0 0 0 4 0 1 0
2 1 3 0 0 0 0 0 1 0
2 1 0 0 0 0 2 0 1 0
2 1 2 0 0 0 3 0 1 1
1 1 3 1 0 1 0 0 1 1
1 1 2 1 0 1 1 0 1 1
1 1 3 1 0 1 3 0 1 1
2 1 1 1 0 0 2 0 1 1
2 1 0 2 0 1 1 0 1 1
2 1 5 2 0 1 3 0 1 1
1 1 1 0 0 1 0 1 1 0
1 1 3 0 0 0 0 1 1 0
1 1 1 0 0 1 4 1 1 1
2 1 5 0 0 0 2 1 1 0
1 1 2 1 0 0 4 1 1 0
2 1 3 1 0 0 2 1 1 0
2 1 5 1 0 0 3 1 1 1
1 1 1 2 0 0 3 1 1 1
2 1 0 2 0 1 2 1 1 1
1 1 0 0 0 0 3 1 0 0
2 1 5 0 0 0 3 0 0 1
1 1 0 1 0 0 0 0 0 0
1 1 0 1 0 0 2 1 0 1
1 1 1 2 0 0 2 0 0 0
1 1 0 1 0 1 3 1 0 1
2 1 0 1 0 1 0 0 0 0
1 1 0 2 0 1 2 1 0 0
2 1 0 0 0 0 1 0 1 1
1 1 5 1 0 0 0 0 1 0
1 1 0 1 0 0 3 0 1 1
2 1 0 1 0 0 0 1 1 1
1 1 0 2 0 0 0 0 1 0
1 1 4 2 1 0 1 1 1 0
2 1 5 2 0 0 4 1 1 1
1 1 0 1 0 1 0 1 1 1
1 1 4 2 1 1 2 0 1 1
0 1 1 0 0 0 4 1 0 1
0 1 3 1 0 0 0 1 0 0
0 1 5 1 0 0 0 0 0 1
0 1 0 1 0 0 1 0 0 0
0 1 2 1 0 0 1 0 0 1
0 1 2 1 0 0 3 1 0 1
0 1 3 1 0 0 3 0 0 0
0 1 0 2 0 0 1 0 0 0
0 1 1 2 0 0 3 0 0 0
0 1 0 0 0 0 1 1 1 0
0 1 1 0 0 0 3 0 1 0
0 1 5 0 0 0 3 0 1 0
0 1 4 1 1 0 0 0 0 1
2 1 2 2 1 1 2 1 1 0
2 1 4 0 1 1 1 0 1 1
1 1 4 1 1 1 0 0 1 1
2 1 4 1 1 1 4 0 1 1
2 1 4 1 1 1 1 0 1 1
0 0 4 1 1 0 4 0 0 0
0 0 4 0 1 0 4 0 1 0
0 0 4 0 1 0 4 1 0 1
0 0 4 0 1 0 3 0 1 1
2 1 4 1 1 0 0 1 0 0
2 1 4 0 1 0 3 0 0 0
1 1 4 1 1 1 4 1 0 0
1 1 4 0 1 0 0 0 1 0
2 1 4 0 1 1 3 1 1 0
2 1 4 0 1 1 4 1 1 0
1 1 4 1 1 1 2 1 1 0
2 1 4 1 1 0 4 1 0 1
1 1 4 0 1 0 4 1 1 1
2 1 4 0 1 0 0 0 1 1
1 1 4 0 1 0 1 1 1 0
1 1 4 1 1 1 0 1 1 0
1 1 4 0 1 0 2 0 1 1
2 1 4 0 1 0 1 1 1 0
1 1 4 1 1 0 1 0 0 0
2 1 4 1 1 0 1 1 1 1
2 1 4 1 1 1 0 0 1 1
0 1 4 0 1 0 0 0 0 0
0 1 4 0 1 0 2 0 0 0
0 1 4 0 1 0 1 1 1 1
0 1 4 1 1 0 3 0 1 1
0 1 4 1 1 0 4 0 0 1
2 1 2 1 0 0 2 0 0 0
0 1 4 2 1 0 0 1 0 0
2 1 3 2 1 1 4 1 1 0
1 1 5 1 0 1 0 0 0 1
1 1 4 2 1 1 1 0 0 1
1 1 1 1 0 1 2 1 0 1
2 1 2 2 1 1 4 1 1 1
1 1 3 2 1 1 2 0 1 0
1 1 3 2 1 1 2 1 0 1
2 1 2 2 1 1 1 1 1 1
1 1 3 2 1 1 1 0 1 1
2 1 2 2 1 1 0 0 1 1
0 0 2 2 1 0 3 0 0 0
0 0 3 0 0 0 0 1 0 0
0 0 0 1 0 0 2 1 0 0
0 0 2 2 1 0 2 1 0 0
0 0 3 2 1 0 2 1 0 0
0 0 0 1 0 0 2 0 0 1
0 0 2 2 1 0 3 1 0 1
0 0 1 0 0 0 4 1 0 1
0 0 3 0 0 0 2 1 1 1
0 0 3 2 1 0 1 0 1 0
0 0 3 2 1 0 1 1 0 1
0 0 2 2 1 0 4 0 0 1
0 0 2 2 1 0 0 1 1 1
0 0 3 2 1 0 2 0 1 0
0 0 3 2 1 0 3 0 1 0
0 0 2 2 1 0 1 1 0 0
0 0 3 2 1 0 4 1 0 0
0 0 2 2 1 0 1 0 1 1
0 0 3 2 1 0 4 0 0 1
0 0 3 2 1 0 3 1 0 1
2 1 1 1 0 0 3 1 0 0
1 1 3 0 0 1 1 1 1 0
1 1 0 0 0 1 4 1 1 0
2 1 1 1 0 1 4 1 1 0
0 0 1 2 0 0 3 0 0 1
1 1 2 0 0 1 3 1 0 1
0 0 1 0 0 0 2 0 1 1
0 0 0 0 0 0 0 1 1 1
1 1 0 0 0 1 1 1 0 0
2 1 1 0 0 1 1 0 0 0
1 1 3 0 0 1 3 0 0 0
1 1 2 0 0 1 4 0 0 0
1 1 5 1 0 1 1 1 0 0
2 1 0 2 0 1 0 0 0 0
1 1 4 2 1 1 0 0 0 0
2 1 1 2 0 1 4 1 0 0
2 1 5 0 0 1 0 1 1 0
2 1 2 1 0 1 0 0 1 0
2 1 0 1 0 1 1 1 1 0
2 1 5 1 0 1 4 1 1 0
1 1 4 2 1 1 2 1 1 0
2 1 1 0 0 1 4 1 0 1
2 1 1 1 0 1 0 0 0 1
2 1 2 1 0 1 0 1 0 1
2 1 5 2 0 1 0 1 0 1
2 1 0 2 0 1 3 1 0 1
2 1 5 0 0 1 1 0 1 1
1 1 3 0 0 1 2 1 1 1
2 1 5 0 0 1 4 0 1 1
1 1 1 1 0 1 1 0 1 1
2 1 2 1 0 1 3 0 1 1
2 1 1 2 0 1 0 0 1 1
1 1 5 2 0 1 2 0 1 1
0 0 0 1 0 0 3 0 1 0
1 1 0 0 0 1 0 0 0 0
1 1 2 0 0 1 0 0 1 0
2 1 5 0 0 1 3 0 0 0
2 1 1 2 0 1 2 0 1 0
0 0 0 2 0 0 3 1 1 0
1 1 5 1 0 1 3 1 1 0
1 1 3 1 0 1 4 1 0 0
1 1 2 1 0 1 2 0 1 1
1 1 5 1 0 1 3 0 0 1
2 1 3 1 0 1 4 0 1 1
2 1 2 0 0 1 0 1 0 1
1 1 4 2 1 1 1 1 1 1
2 1 5 2 0 1 1 1 0 1
2 1 1 2 0 1 2 1 1 1
0 0 0 0 0 0 0 1 0 0
0 0 2 0 0 0 1 0 0 0
0 0 5 0 0 0 1 0 0 0
0 0 3 0 0 0 4 0 0 0
0 0 1 1 0 0 0 0 0 0
0 0 3 1 0 0 0 1 0 0
0 0 3 1 0 0 1 1 0 0
0 0 5 1 0 0 3 0 0 0
0 0 5 1 0 0 4 1 0 0
0 0 0 2 0 0 1 1 0 0
0 0 5 2 0 0 3 1 0 0
0 0 5 0 0 0 0 1 1 0
0 0 0 0 0 0 1 0 1 0
0 0 1 0 0 0 1 1 1 0
0 0 1 0 0 0 3 0 1 0
0 0 2 0 0 0 4 0 1 0
0 0 3 1 0 0 4 0 1 0
0 0 0 2 0 0 0 1 1 0
0 0 1 2 0 0 2 1 1 0
0 0 5 2 0 0 2 0 1 0
0 0 4 2 1 0 3 1 1 0
0 0 1 2 0 0 4 0 1 0
0 0 5 0 0 0 0 0 0 1
0 0 0 0 0 0 1 1 0 1
0 0 5 0 0 0 3 0 0 1
0 0 2 1 0 0 0 0 0 1
0 0 1 1 0 0 2 1 0 1
0 0 5 1 0 0 2 0 0 1
0 0 3 1 0 0 4 1 0 1
0 0 0 2 0 0 0 0 0 1
0 0 4 2 1 0 3 1 0 1
0 0 5 0 0 0 1 0 1 1
0 0 1 1 0 0 0 1 1 1
0 0 1 1 0 0 1 0 1 1
0 0 3 1 0 0 1 1 1 1
0 0 1 1 0 0 3 0 1 1
0 0 2 1 0 0 4 0 1 1
0 0 5 1 0 0 4 0 1 1
0 0 1 2 0 0 1 1 1 1
0 0 5 2 0 0 3 1 1 1
0 0 0 2 0 0 4 0 1 1
0 0 0 1 0 0 1 0 0 0
0 0 5 1 0 0 1 0 0 0
0 0 5 2 0 0 0 0 0 0
0 0 3 0 0 0 3 1 1 0
0 0 5 2 0 0 1 1 0 0
0 0 1 2 0 0 3 1 1 0
0 0 3 0 0 0 2 0 0 1
0 0 3 0 0 0 3 0 0 1
0 0 5 2 0 0 1 0 1 1
0 0 0 2 0 0 3 0 0 1
0 0 1 0 0 0 2 1 1 1
0 0 0 1 0 0 1 1 0 1
0 0 5 1 0 0 1 1 0 1
0 0 5 2 0 0 0 1 0 1
1 1 3 2 1 0 3 1 0 0
1 1 2 2 1 0 4 1 0 0
1 1 1 2 0 0 3 0 0 1
2 1 5 0 0 1 4 1 0 1
1 1 2 2 1 0 0 1 0 0
2 1 5 2 0 0 0 0 0 0
2 1 5 0 0 0 1 1 0 1
1 1 5 2 0 0 0 0 0 1
2 1 1 2 0 0 3 0 1 1
2 1 5 2 0 1 2 1 0 1
1 1 2 2 1 1 3 1 0 0
2 1 3 2 1 0 1 0 0 0
2 1 3 0 0 0 1 1 0 1
2 1 2 2 1 0 2 1 0 1
2 1 3 2 1 1 2 0 0 1
2 1 3 2 1 0 1 0 1 1
2 1 3 2 1 1 3 1 1 1
2 1 2 2 1 0 1 0 1 0
2 1 2 2 1 0 4 0 0 0
2 1 2 2 1 0 0 1 1 0
1 1 3 2 1 1 0 0 1 1
1 1 3 2 1 0 4 1 0 1
1 1 2 2 1 1 2 1 1 0
1 1 3 2 1 1 3 1 1 0
2 1 3 2 1 1 0 1 1 0
1 1 2 2 1 0 2 0 0 1
0 1 3 2 1 0 2 0 0 1
0 1 2 0 0 0 4 1 0 0
0 1 2 2 1 0 3 0 1 1
0 1 5 1 0 0 1 1 0 1
0 1 2 2 1 0 0 0 1 1
1 1 3 0 0 1 1 0 0 0
1 1 0 0 0 0 4 1 0 0
1 1 0 1 0 1 2 0 0 0
1 1 3 1 0 0 2 0 0 0
1 1 0 1 0 0 3 1 0 0
2 1 0 1 0 0 1 1 0 0
2 1 2 1 0 1 3 1 0 0
1 1 1 2 0 1 4 1 0 0
2 1 1 2 0 1 0 1 0 0
2 1 4 2 1 0 0 1 0 0
2 1 4 2 1 0 4 0 0 0
1 1 5 0 0 1 3 0 1 0
1 1 1 0 0 0 4 0 1 0
2 1 2 0 0 1 3 1 1 0
2 1 1 1 0 1 2 0 1 0
2 1 4 2 1 0 1 0 1 0
2 1 0 2 0 1 3 1 1 0
2 1 5 2 0 0 3 0 1 0
1 1 0 0 0 1 2 1 0 1
1 1 5 0 0 1 3 1 0 1
2 1 0 0 0 1 3 1 0 1
1 1 0 1 0 0 1 0 0 1
1 1 5 1 0 0 2 0 0 1
1 1 2 1 0 1 3 1 0 1
2 1 3 1 0 0 1 1 0 1
2 1 0 1 0 0 2 1 0 1
2 1 3 1 0 1 3 1 0 1
1 1 5 2 0 0 3 1 0 1
1 1 0 2 0 1 4 1 0 1
1 1 4 2 1 1 4 0 0 1
1 1 1 0 0 0 1 1 1 1
1 1 2 0 0 0 4 0 1 1
2 1 5 0 0 1 3 0 1 1
1 1 1 1 0 0 2 0 1 1
1 1 3 1 0 0 2 0 1 1
2 1 5 1 0 1 0 0 1 1
1 1 0 2 0 1 3 0 1 1
2 1 1 2 0 0 4 0 1 1
1 1 3 0 0 0 2 0 1 0
2 1 0 1 0 0 4 0 0 0
1 1 2 1 0 0 0 1 1 0
2 1 2 1 0 1 2 1 0 0
2 1 3 1 0 1 4 1 0 0
1 1 5 2 0 1 2 1 0 0
2 1 1 1 0 1 4 0 1 1
1 1 1 2 0 1 0 0 1 1
2 1 5 2 0 0 2 0 1 1
1 1 1 2 0 0 2 1 0 1
2 1 0 2 0 0 0 1 1 1
1 1 0 0 0 0 0 1 0 0
1 1 2 0 0 0 0 1 0 0
1 1 5 0 0 0 1 1 1 0
1 1 2 0 0 0 3 0 1 0
1 1 3 0 0 0 3 0 0 0
2 1 5 0 0 0 0 0 1 0
2 1 3 0 0 0 2 0 0 0
2 1 0 0 0 0 4 1 1 0
1 1 5 1 0 0 1 1 0 0
1 1 2 1 0 0 2 0 0 0
1 1 5 0 0 1 0 1 0 0
1 1 0 0 0 1 3 0 1 0
2 1 0 0 0 1 0 0 0 0
2 1 2 0 0 1 2 1 1 0
2 1 3 0 0 1 3 1 1 0
2 1 5 1 0 1 1 1 1 0
1 1 5 0 0 0 0 1 1 1
1 1 0 0 0 0 3 0 1 1
2 1 1 0 0 0 1 0 0 1
2 1 2 0 0 0 2 1 1 1
2 1 2 0 0 0 4 1 0 1
2 1 2 1 0 0 1 0 0 1
2 1 5 1 0 0 1 0 1 1
2 1 0 2 0 0 2 1 1 1
2 1 0 2 0 0 4 0 1 1
1 1 5 0 0 1 1 0 1 1
2 1 0 0 0 1 4 0 0 1
2 1 1 1 0 1 1 1 1 1
1 1 5 2 0 1 0 0 1 1
0 1 1 0 0 0 0 1 1 0
0 1 2 0 0 0 0 0 1 0
0 1 5 1 0 0 2 0 0 0
0 1 0 2 0 0 2 1 1 0
0 1 4 2 1 0 4 0 1 0
0 1 5 2 0 0 4 0 1 0
0 1 2 0 0 0 1 1 0 1
0 1 0 0 0 0 2 0 0 1
0 1 1 0 0 0 2 1 1 1
0 1 2 0 0 0 3 1 1 1
0 1 5 0 0 0 4 1 1 1
0 1 2 1 0 0 0 1 1 1
0 1 1 2 0 0 0 1 0 1

