MFT generation 1 -> 1, 2 ms

System Name: Insurance.model
Parameters: 14, Constraints: 1, Tests: 536, Covered: 4573
165ms, validity verified: true

Test Set:
0 0 0 0 2 0 2 0 0 1 0 4 1 0
0 2 0 0 1 0 5 0 0 0 0 5 1 3
0 3 0 0 1 5 4 1 0 1 0 6 1 2
0 4 0 0 0 1 3 0 0 1 0 9 0 4
0 5 0 0 1 4 2 1 1 1 0 2 1 3
1 6 1 0 2 2 0 1 1 0 1 3 0 1
1 7 2 0 0 3 1 0 1 0 1 7 1 2
1 8 3 0 2 4 3 1 1 0 1 8 0 0
1 9 4 0 0 5 5 0 0 1 1 10 0 1
1 10 5 0 1 1 0 1 1 0 1 0 0 2
0 11 6 0 1 2 1 1 0 1 0 1 1 4
1 12 7 0 2 3 4 0 0 0 1 2 0 0
0 1 8 0 0 4 5 1 1 1 1 3 1 4
1 2 9 0 2 5 0 1 1 0 0 4 0 4
1 3 10 0 2 1 1 0 1 1 1 5 0 1
1 4 11 0 0 2 2 0 1 0 1 6 0 3
0 5 12 0 1 0 3 1 0 1 0 7 0 1
0 6 13 0 1 3 5 0 0 1 0 8 1 2
1 7 14 0 2 4 4 1 1 0 1 9 1 1
0 8 15 0 0 0 0 0 0 1 0 10 1 3
0 9 16 0 0 2 3 1 1 0 0 0 1 0
1 10 0 1 2 3 2 0 0 0 1 1 0 1
0 11 1 1 0 5 3 0 1 1 0 2 1 2
0 12 2 1 1 1 4 1 0 1 0 3 1 3
1 0 3 1 0 2 5 1 1 0 1 5 0 4
1 1 4 1 1 0 1 0 1 0 0 6 0 0
0 2 5 1 2 4 2 0 0 1 1 7 1 2
1 3 6 1 0 0 0 0 1 0 1 8 0 3
0 4 7 1 1 4 1 1 1 1 0 10 1 2
1 5 8 1 2 5 1 0 0 0 1 0 0 3
0 6 9 1 0 0 4 0 0 1 1 9 1 4
0 7 10 1 1 2 5 1 0 0 0 4 0 0
0 8 11 1 2 1 5 1 1 1 0 1 1 0
1 9 12 1 2 1 0 0 1 0 1 2 1 4
1 10 13 1 0 5 2 1 1 1 0 3 0 0
1 11 14 1 0 3 3 1 0 0 1 4 0 3
1 12 15 1 1 4 0 1 1 0 1 5 0 2
1 0 16 1 2 3 0 0 0 1 1 6 0 1
0 1 0 2 2 2 4 1 0 0 0 7 1 2
1 2 1 2 1 1 1 0 0 1 1 8 0 4
1 3 2 2 0 3 2 1 1 0 1 9 0 0
0 4 3 2 1 0 4 0 0 1 0 0 1 1
0 5 4 2 0 4 0 1 1 0 1 1 1 3
0 6 5 2 2 5 3 1 1 0 0 10 0 0
0 7 6 2 2 1 5 0 1 1 1 2 1 1
1 8 7 2 1 2 1 0 0 1 0 3 0 4
0 9 8 2 1 3 4 0 0 0 0 4 1 2
0 10 9 2 1 4 3 0 0 1 0 5 1 3
1 11 10 2 0 4 2 1 0 0 1 6 1 4
0 12 11 2 0 5 3 0 0 0 1 7 1 4
1 0 12 2 1 5 4 1 0 1 1 8 1 2
1 1 13 2 2 1 0 1 1 0 1 9 0 3
0 2 14 2 0 2 2 0 1 1 0 10 0 0
1 3 15 2 2 3 5 1 1 1 0 0 1 4
0 4 16 2 1 5 4 0 1 0 1 1 1 2
1 6 0 3 2 4 1 1 1 0 1 0 0 3
0 7 1 3 0 0 2 0 0 1 0 1 1 0
1 8 2 3 1 2 3 0 0 0 0 2 0 1
1 9 3 3 2 3 1 0 1 0 1 3 0 2
1 10 4 3 2 1 4 1 1 1 1 4 1 4
1 11 5 3 0 0 5 1 0 0 0 5 0 1
1 12 6 3 1 5 2 0 0 0 1 6 0 1
1 0 7 3 0 1 0 1 1 1 0 7 0 3
1 2 8 3 1 2 3 0 1 1 0 9 1 1
1 5 9 3 0 3 5 1 0 1 1 10 1 0
1 1 10 3 1 5 2 0 0 0 1 8 0 1
1 3 11 3 1 4 4 1 1 0 1 10 1 2
0 4 12 3 2 3 5 0 0 0 1 3 0 0
1 5 13 3 1 2 1 1 1 1 1 4 0 4
0 6 14 3 1 1 2 0 1 0 0 5 0 0
0 7 15 3 2 5 3 0 1 0 1 6 0 3
1 8 16 3 2 0 5 1 1 0 0 7 0 2
1 9 0 4 2 0 0 1 1 0 1 8 0 3
0 10 1 4 0 2 5 0 0 1 0 9 1 2
1 11 2 4 2 4 0 1 1 0 0 0 0 0
0 12 3 4 1 1 1 0 1 0 1 1 1 1
0 0 4 4 0 3 3 1 0 1 1 2 0 4
0 1 5 4 2 3 4 0 1 1 1 4 1 1
1 2 6 4 2 3 3 0 0 1 1 3 0 2
0 3 7 4 1 5 2 1 0 1 0 5 0 1
0 4 8 4 2 0 0 1 1 0 0 7 0 0
1 7 9 4 2 2 1 1 1 1 1 8 1 4
0 8 10 4 2 5 4 1 0 0 1 9 0 3
1 5 11 4 1 1 1 0 1 0 0 6 1 1
1 6 12 4 0 4 2 0 0 0 0 10 1 3
0 9 13 4 2 4 3 1 0 0 1 1 0 1
1 10 14 4 2 0 1 1 1 1 0 2 1 4
0 11 15 4 2 1 4 1 1 1 1 3 0 0
0 12 16 4 1 4 5 0 1 1 1 4 1 3
1 7 0 5 2 1 0 1 1 0 1 10 0 4
0 0 1 5 0 4 1 0 0 1 0 0 1 3
0 1 2 5 1 0 3 1 1 1 0 1 1 2
0 2 3 5 0 5 4 1 1 0 0 2 0 0
1 3 4 5 1 2 2 1 0 1 1 7 0 2
1 4 5 5 1 3 5 0 0 1 0 8 0 4
1 5 6 5 0 4 4 0 1 1 0 9 1 0
1 6 7 5 1 0 5 0 0 1 0 6 1 1
1 8 8 5 1 3 2 0 0 0 0 5 0 1
0 9 9 5 2 1 2 0 0 1 0 6 0 2
0 10 10 5 2 0 0 1 1 1 1 7 1 2
1 11 11 5 1 3 0 1 0 0 0 8 1 1
0 12 12 5 0 2 1 1 1 0 1 0 0 3
0 0 13 5 2 0 4 0 1 0 1 3 1 3
0 1 14 5 2 5 5 1 0 0 1 0 0 2
1 2 15 5 1 2 1 1 0 1 0 1 0 1
1 3 16 5 1 1 3 0 1 1 1 2 1 4
1 8 0 6 2 2 0 1 1 0 1 4 0 3
0 9 1 6 0 3 4 0 0 1 0 5 1 4
1 10 2 6 1 5 5 0 0 1 0 10 0 0
0 11 3 6 1 0 1 0 0 0 1 9 1 3
0 12 4 6 0 1 3 1 1 1 1 8 1 1
0 0 5 6 1 2 2 0 0 1 0 1 1 3
0 1 6 6 2 4 4 0 0 1 1 2 0 2
1 5 7 6 2 5 3 0 0 0 0 3 0 2
0 6 8 6 1 1 0 0 1 0 0 6 0 1
1 4 9 6 2 3 4 0 0 0 0 7 0 1
1 2 10 6 0 3 2 1 1 1 1 0 0 2
1 7 11 6 2 0 4 1 1 1 0 5 0 1
1 3 12 6 0 0 4 1 1 1 1 4 0 2
0 4 13 6 0 4 5 1 1 1 0 5 1 0
1 5 14 6 0 5 0 0 1 1 0 8 0 4
0 6 15 6 2 3 2 0 0 0 0 2 0 0
0 7 16 6 1 3 1 1 0 0 1 3 0 1
1 11 0 7 2 5 3 1 1 0 1 10 0 4
0 12 1 7 0 0 4 0 0 1 0 9 1 0
0 0 2 7 1 2 5 0 0 1 0 4 1 3
1 1 3 7 2 4 0 0 1 0 0 6 1 1
1 8 4 7 1 1 1 0 0 0 1 0 0 2
1 9 5 7 2 3 2 0 0 0 0 7 1 4
0 10 6 7 0 2 1 1 1 1 0 8 1 2
0 2 7 7 2 3 4 0 0 0 0 1 1 2
1 3 8 7 0 5 0 1 1 1 0 2 1 0
0 4 9 7 0 1 0 0 1 0 1 3 0 3
1 5 10 7 1 0 3 1 0 0 0 5 1 0
1 6 11 7 0 3 5 1 0 1 1 4 1 2
0 7 12 7 2 5 3 0 0 0 1 9 0 0
1 8 13 7 0 2 3 0 1 1 1 6 1 3
0 9 14 7 0 2 4 0 1 1 0 7 0 1
0 10 15 7 1 4 5 0 1 1 0 9 0 0
0 11 16 7 2 1 2 1 1 1 0 10 1 3
1 12 0 8 2 5 4 1 1 0 1 10 0 4
0 1 1 8 0 2 5 0 0 1 0 4 1 0
1 2 2 8 1 4 0 0 1 1 1 6 0 3
0 3 3 8 2 0 2 0 1 0 0 1 0 1
1 4 4 8 1 1 3 0 1 1 1 2 0 2
0 5 5 8 2 3 1 0 0 0 1 3 1 0
1 0 6 8 0 4 0 0 1 1 0 0 1 3
0 7 7 8 1 2 1 0 1 1 1 8 0 1
1 10 8 8 1 0 3 0 0 0 0 9 1 1
1 11 9 8 2 1 0 0 0 1 1 7 1 1
0 6 10 8 0 1 0 0 1 0 0 1 1 2
1 9 11 8 0 2 5 0 0 0 1 9 0 0
1 8 12 8 1 3 5 0 1 1 1 5 0 4
0 12 13 8 2 2 2 0 0 0 1 10 1 2
1 0 14 8 0 3 5 0 1 0 1 1 1 1
0 1 15 8 0 2 2 0 1 1 1 4 1 3
0 2 16 8 1 3 4 1 0 1 1 5 1 3
1 3 0 9 2 5 4 1 1 0 1 3 0 4
0 4 1 9 0 2 5 0 0 1 0 6 1 0
1 5 2 9 1 4 0 0 0 1 0 8 1 3
1 6 3 9 1 0 1 1 1 1 1 7 0 1
0 7 4 9 0 1 3 0 1 1 0 0 0 2
0 8 5 9 0 3 2 1 1 1 0 2 1 4
1 9 6 9 0 5 2 0 1 0 0 10 0 1
1 10 7 9 2 1 5 0 1 0 0 4 0 3
1 11 8 9 2 2 4 1 0 1 1 1 0 1
0 12 9 9 0 2 1 1 1 0 1 0 1 4
0 0 10 9 1 3 0 1 1 0 0 9 0 1
1 1 11 9 2 1 1 1 1 0 0 5 0 1
0 2 12 9 2 2 4 0 0 0 1 6 0 1
1 3 13 9 2 1 5 0 0 0 0 7 0 0
0 4 14 9 1 2 0 1 0 1 0 3 0 3
1 5 15 9 0 1 5 1 1 1 1 8 0 0
0 6 16 9 1 1 5 1 0 1 1 9 1 2
1 7 0 10 2 5 4 1 1 0 1 10 0 4
0 8 1 10 0 2 5 0 0 1 0 7 1 0
0 9 2 10 1 4 0 1 1 0 0 5 1 3
0 10 3 10 0 0 1 1 1 0 0 6 1 1
0 11 4 10 2 1 3 1 0 0 1 3 0 2
0 12 5 10 0 3 2 0 1 1 1 9 0 1
0 4 6 10 1 4 2 0 1 1 1 4 0 2
0 1 7 10 2 3 3 0 1 1 0 0 1 1
0 0 8 10 0 0 5 1 1 1 1 8 1 0
1 3 9 10 0 0 1 0 0 0 0 2 0 2
1 5 10 10 0 3 4 1 0 1 1 10 0 2
0 2 11 10 1 5 5 0 0 0 0 0 1 0
0 6 12 10 2 3 1 0 1 0 0 1 0 3
1 7 13 10 0 2 3 0 0 1 1 2 0 4
1 8 14 10 2 2 1 0 1 0 1 6 0 0
0 9 15 10 1 0 0 0 1 1 0 7 0 4
0 10 16 10 1 4 0 0 1 1 0 8 0 0
1 11 0 11 2 5 4 1 1 0 1 10 0 4
0 3 1 11 0 2 5 0 0 1 0 0 1 0
1 4 2 11 1 4 0 1 1 0 0 1 1 3
1 5 3 11 2 0 1 0 0 0 0 4 1 1
1 6 4 11 0 1 3 1 1 0 1 5 1 2
0 7 5 11 1 3 2 1 1 0 0 6 0 3
0 8 6 11 0 0 2 1 0 0 0 7 0 1
0 9 7 11 2 0 3 1 0 1 1 9 1 1
1 12 8 11 2 5 3 0 0 1 1 2 0 3
1 0 9 11 2 0 3 0 0 0 0 3 1 3
0 1 10 11 0 3 4 1 0 0 1 8 1 0
1 10 11 11 1 0 4 1 1 1 0 2 1 0
0 11 12 11 2 4 0 1 0 1 1 5 1 3
0 2 13 11 0 5 1 1 1 0 1 0 1 4
0 12 14 11 0 4 4 1 0 0 0 5 0 2
1 0 15 11 1 5 4 0 0 1 0 10 1 1
1 1 16 11 1 4 1 1 0 1 0 10 0 3
1 2 0 12 2 5 4 1 1 0 1 1 0 4
0 5 1 12 0 2 5 0 0 1 0 10 1 0
0 6 2 12 1 4 0 0 0 1 1 3 1 3
1 7 3 12 1 0 1 1 0 0 1 4 0 1
0 8 4 12 2 1 3 0 0 1 1 9 0 2
1 3 5 12 1 3 2 0 1 1 0 5 0 1
1 4 6 12 1 3 0 0 0 1 0 6 0 0
0 11 7 12 0 3 5 0 1 0 0 7 1 3
0 12 8 12 1 4 5 1 0 1 0 8 0 1
0 1 9 12 2 3 2 1 1 0 0 0 1 2
0 9 10 12 2 5 3 1 1 0 0 2 0 4
0 0 11 12 2 1 5 1 1 1 1 3 0 4
1 10 12 12 2 5 5 1 0 1 1 3 0 2
1 11 13 12 0 1 2 0 1 1 0 8 0 3
1 3 14 12 2 5 3 0 1 0 1 5 1 3
1 4 15 12 2 1 0 1 1 1 0 10 0 3
0 5 16 12 2 4 5 0 0 0 1 7 0 2
1 6 0 13 2 5 4 1 1 0 1 4 0 4
0 7 1 13 0 2 5 0 0 1 0 5 1 0
0 8 2 13 1 4 0 1 1 1 1 1 1 3
0 9 3 13 0 0 1 1 0 0 0 10 0 1
1 2 4 13 0 1 3 1 1 1 0 0 0 2
0 10 5 13 1 3 2 1 0 1 0 2 1 0
0 12 6 13 2 3 5 1 1 1 0 3 1 3
1 0 7 13 0 1 3 0 1 0 1 6 1 3
1 1 8 13 0 2 2 0 0 0 0 7 0 4
1 3 9 13 1 2 0 1 1 0 0 8 1 4
0 4 10 13 0 5 5 1 1 1 1 9 0 4
1 5 11 13 0 5 4 1 1 1 1 9 1 2
1 11 12 13 0 5 3 0 1 0 0 2 1 4
1 0 13 13 1 5 4 0 1 1 1 10 0 1
0 3 14 13 2 3 1 1 1 0 1 1 0 2
0 10 15 13 0 2 3 0 0 1 1 5 1 4
1 6 16 13 1 5 0 1 1 1 0 0 1 2
1 12 0 14 2 5 4 1 1 0 1 1 0 4
0 0 1 14 0 2 5 0 0 1 0 4 1 0
1 1 2 14 1 4 0 1 1 0 0 5 0 3
0 2 3 14 1 0 1 1 0 1 1 6 1 1
1 6 4 14 1 1 3 1 1 0 0 7 0 2
1 7 5 14 2 3 2 1 0 0 1 8 1 1
1 8 6 14 0 0 0 1 0 1 0 9 0 3
1 9 7 14 0 2 4 0 0 0 0 0 1 2
0 10 8 14 1 3 4 0 1 1 1 10 0 4
1 11 9 14 2 3 5 0 0 1 1 1 1 0
1 12 10 14 2 2 3 0 1 1 0 3 1 0
1 3 11 14 0 0 2 1 1 0 0 2 0 1
1 4 12 14 0 4 5 0 1 1 1 9 0 1
0 5 13 14 0 1 4 0 0 0 1 3 0 1
0 1 14 14 0 3 1 1 0 1 1 9 0 1
0 2 15 14 1 5 2 0 1 0 0 0 1 1
0 11 16 14 0 1 1 0 1 1 1 6 1 1
1 6 0 15 2 5 4 1 1 0 1 4 0 4
0 7 1 15 0 2 5 0 0 1 0 5 1 0
0 8 2 15 1 4 0 0 0 0 1 6 1 3
1 9 3 15 2 0 1 0 1 0 1 7 0 1
1 10 4 15 0 1 3 1 1 0 1 8 1 2
0 0 5 15 1 3 2 1 0 1 0 9 1 3
1 1 6 15 2 1 1 0 1 0 0 0 1 0
1 2 7 15 2 0 3 1 0 1 0 1 0 3
0 3 8 15 1 2 0 1 0 0 0 2 0 1
0 4 9 15 1 4 3 1 0 0 0 3 1 3
1 5 10 15 2 0 3 1 1 1 0 10 0 0
1 11 11 15 0 1 4 1 1 0 0 4 0 1
1 12 12 15 1 3 4 1 1 0 1 5 1 2
0 8 13 15 0 5 2 1 0 1 0 3 0 0
0 3 14 15 1 0 3 1 1 0 0 9 1 2
0 1 15 15 2 4 1 1 0 1 1 5 1 2
0 4 16 15 2 5 1 1 0 1 1 5 0 1
1 0 0 16 2 5 4 1 1 0 1 4 0 4
0 1 1 16 0 2 5 0 0 1 0 5 1 0
1 2 2 16 1 4 0 0 0 0 1 6 1 3
0 6 3 16 1 0 1 0 1 1 1 7 0 1
1 7 4 16 0 1 3 0 0 0 1 8 0 2
1 8 5 16 1 3 2 0 1 0 0 9 1 1
0 9 6 16 1 2 1 0 0 1 1 0 1 3
0 10 7 16 2 1 0 0 1 0 0 1 1 1
1 11 8 16 0 5 2 1 0 0 1 2 1 0
1 12 9 16 1 0 2 1 0 1 0 3 1 0
0 3 10 16 1 5 4 0 0 1 0 10 0 3
0 4 11 16 2 4 1 0 0 0 0 3 0 4
0 5 12 16 1 5 4 0 1 0 0 9 1 1
0 1 13 16 2 3 0 0 0 0 1 8 1 3
0 1 14 16 0 0 3 0 0 1 1 10 1 0
0 6 15 16 1 4 0 0 1 1 0 5 1 1
0 6 16 16 2 3 2 0 1 0 0 9 0 3
1 6 0 17 2 5 4 1 1 0 1 4 0 4
0 7 1 17 0 2 5 0 0 1 0 5 1 0
0 8 2 17 1 4 0 0 0 0 1 6 1 3
0 9 3 17 2 0 1 1 1 1 1 7 0 1
1 10 4 17 0 1 3 0 1 1 0 8 1 2
0 0 5 17 1 3 2 1 1 1 0 9 1 4
1 1 6 17 1 3 0 0 0 0 0 0 1 1
1 2 7 17 0 4 1 0 1 1 0 1 0 0
0 3 8 17 1 2 2 0 0 1 0 2 0 0
0 4 9 17 0 3 1 1 1 0 1 3 0 4
1 5 10 17 2 0 0 1 1 1 1 10 1 1
0 11 11 17 2 1 3 0 0 0 0 9 1 3
0 12 12 17 1 1 5 1 1 0 1 2 0 0
0 0 13 17 1 5 3 0 1 0 0 10 0 0
1 8 14 17 0 2 1 1 1 0 1 3 1 4
0 12 15 17 1 4 5 1 1 1 0 8 1 2
0 11 16 17 0 4 0 1 0 0 0 5 0 1
1 0 0 18 2 5 4 1 1 0 1 4 0 4
0 1 1 18 0 2 5 0 0 1 0 5 1 0
1 2 2 18 1 4 0 0 1 0 0 6 1 3
1 6 3 18 1 0 1 1 0 1 0 7 1 1
1 7 4 18 1 1 3 0 1 0 1 8 1 2
1 8 5 18 0 3 2 1 0 1 1 9 0 2
1 9 6 18 2 1 3 1 1 1 1 0 1 0
0 10 7 18 1 2 3 0 1 1 1 1 1 3
0 11 8 18 1 5 0 1 0 1 1 2 0 2
1 12 9 18 0 1 0 0 0 0 1 3 0 1
0 3 10 18 2 0 3 0 0 1 1 10 1 1
0 4 11 18 2 0 2 0 1 1 1 7 0 0
1 5 12 18 0 4 3 0 0 0 0 4 0 1
1 9 13 18 2 1 1 0 0 0 0 1 1 1
1 2 14 18 1 4 2 0 0 1 1 3 1 2
1 8 15 18 0 2 2 0 0 0 1 2 1 3
1 7 16 18 1 4 2 1 1 1 1 0 1 4
1 6 0 19 2 5 4 1 1 0 1 4 0 4
0 7 1 19 0 2 5 0 0 1 0 5 1 0
1 8 2 19 1 4 0 1 1 1 0 6 1 3
0 9 3 19 2 0 1 1 0 0 1 7 1 1
0 10 4 19 0 1 3 0 0 0 0 8 1 2
0 0 5 19 1 3 2 1 0 1 0 9 1 3
1 1 6 19 1 5 0 1 1 0 0 0 1 0
0 2 7 19 2 3 2 1 0 0 1 1 1 2
0 3 8 19 2 2 0 0 1 1 0 2 0 0
1 4 9 19 1 3 3 1 0 0 0 3 0 2
0 5 10 19 2 5 4 1 1 1 0 10 1 4
1 11 11 19 2 4 3 0 1 1 1 10 1 1
1 12 12 19 0 5 1 0 1 1 0 6 1 2
0 11 13 19 2 5 3 1 1 1 1 8 0 4
1 6 14 19 2 0 3 1 1 1 0 10 1 4
1 12 15 19 1 2 2 1 0 1 0 1 1 1
0 6 16 19 2 0 0 0 1 0 1 0 0 0
1 0 0 20 2 5 4 1 1 0 1 4 0 4
0 1 1 20 0 2 5 0 0 1 0 5 1 0
0 2 2 20 1 4 0 1 0 1 1 6 1 3
0 6 3 20 1 0 1 0 0 1 1 7 1 1
0 7 4 20 0 1 3 0 0 0 1 8 1 2
1 8 5 20 0 3 2 1 1 1 1 9 1 1
1 9 6 20 1 1 2 0 0 0 0 0 0 1
1 10 7 20 1 5 2 0 1 0 1 1 1 2
1 11 8 20 1 5 5 0 0 1 1 2 0 4
1 12 9 20 1 5 4 1 1 1 0 3 1 1
1 3 10 20 1 1 3 1 0 1 1 10 1 1
1 4 11 20 1 0 5 0 0 1 0 10 1 4
1 5 12 20 0 5 3 1 1 0 1 7 0 1
0 4 13 20 2 4 3 1 0 0 1 3 0 4
1 6 14 20 2 2 5 1 0 1 0 10 0 0
1 3 15 20 2 4 5 0 1 1 0 4 1 3
0 1 16 20 0 4 3 1 1 0 1 2 0 3
1 6 0 21 2 5 4 1 1 0 1 4 0 4
0 7 1 21 0 2 5 0 0 1 0 5 1 0
1 8 2 21 1 4 0 1 1 0 1 6 0 3
1 9 3 21 2 0 1 1 0 1 0 7 0 1
1 10 4 21 2 1 3 0 1 1 1 8 0 2
1 0 5 21 1 3 2 1 1 0 1 9 1 0
1 1 6 21 1 5 5 0 0 1 0 0 0 0
0 2 7 21 0 4 1 0 0 1 1 1 0 4
0 3 8 21 0 2 1 1 0 1 0 2 1 1
0 4 9 21 0 5 2 0 0 1 1 3 1 0
0 5 10 21 1 3 2 1 0 0 0 10 0 1
0 11 11 21 1 2 3 0 1 1 1 0 1 1
0 12 12 21 0 1 0 1 1 1 1 5 1 4
0 0 13 21 2 0 4 1 0 1 1 4 0 3
1 5 14 21 2 2 5 1 1 0 0 9 1 2
0 7 15 21 0 1 1 1 0 0 1 5 0 4
0 12 16 21 0 2 2 0 0 1 1 6 0 0
1 0 0 22 2 5 4 1 1 0 1 4 0 4
0 1 1 22 0 2 5 0 0 1 0 5 1 0
1 2 2 22 1 4 0 0 1 0 1 6 1 3
0 6 3 22 1 0 1 1 1 0 0 7 1 1
1 7 4 22 0 1 3 1 1 1 0 8 0 2
1 8 5 22 1 3 2 1 0 0 1 9 0 2
1 9 6 22 0 3 1 0 0 1 1 0 1 2
1 10 7 22 1 3 1 0 0 1 0 1 1 4
0 11 8 22 1 0 2 1 1 0 0 2 0 1
1 12 9 22 2 4 2 0 1 1 0 3 0 1
0 3 10 22 1 0 1 0 0 0 0 10 0 1
0 4 11 22 2 5 0 1 0 1 0 8 0 3
0 5 12 22 0 2 5 0 0 1 0 0 1 3
0 0 13 22 2 1 1 1 0 1 0 9 1 3
0 12 14 22 0 3 3 1 0 0 0 6 0 0
0 9 15 22 0 3 3 1 1 0 1 10 0 0
1 3 16 22 1 2 4 0 1 1 0 6 0 0
1 6 0 23 2 5 4 1 1 0 1 4 0 4
0 7 1 23 0 2 5 0 0 1 0 5 1 0
0 8 2 23 1 4 0 1 1 0 0 6 1 3
1 9 3 23 1 0 1 0 0 1 0 7 0 1
1 10 4 23 0 1 3 0 0 0 0 8 1 2
1 0 5 23 2 3 2 0 0 1 0 9 1 3
1 1 6 23 1 2 2 1 0 0 1 0 1 2
0 2 7 23 0 4 3 0 1 1 1 1 0 4
1 3 8 23 0 2 5 1 0 0 1 2 1 0
0 4 9 23 2 3 1 0 1 0 0 3 1 4
0 5 10 23 1 0 2 0 1 1 1 10 0 4
0 11 11 23 1 0 1 0 1 1 1 4 1 0
1 12 12 23 1 2 5 1 1 1 1 5 0 0
1 10 13 23 2 1 3 0 0 1 0 10 0 0
1 0 14 23 0 0 2 0 1 0 0 10 1 4
0 2 15 23 2 5 1 1 1 1 1 2 0 2
0 2 16 23 0 5 4 1 0 1 1 3 1 2
1 0 0 24 2 5 4 1 1 0 1 4 0 4
0 1 1 24 0 2 5 0 0 1 0 5 1 0
0 2 2 24 1 4 0 0 0 1 0 6 1 3
1 6 3 24 0 0 1 1 1 1 1 7 0 1
0 7 4 24 1 1 3 1 1 1 1 8 1 2
0 8 5 24 0 3 2 0 0 0 0 9 1 3
0 9 6 24 0 2 1 0 0 1 1 0 1 0
1 10 7 24 1 4 4 1 1 1 1 1 1 0
1 11 8 24 1 1 0 1 0 1 1 2 1 1
0 12 9 24 0 0 5 1 1 1 0 3 1 1
0 3 10 24 1 5 0 0 1 0 1 10 1 1
1 4 11 24 1 5 2 1 0 1 1 1 0 4
1 5 12 24 1 0 2 0 1 0 1 5 0 0
0 2 13 24 0 2 4 1 0 0 0 4 0 3
0 12 14 24 0 1 4 1 0 1 0 6 0 2
1 2 15 24 0 5 4 0 0 1 0 6 0 3
0 0 16 24 0 0 0 0 1 1 1 3 0 2
1 6 0 25 2 5 4 1 1 0 1 4 0 4
0 7 1 25 0 2 5 0 0 1 0 5 1 0
0 8 2 25 1 4 0 0 0 1 1 6 0 3
0 9 3 25 0 0 1 0 0 0 0 7 1 1
0 10 4 25 2 1 3 0 0 1 0 8 0 2
1 0 5 25 0 3 2 0 1 1 0 9 0 4
0 1 6 25 1 1 0 0 1 1 0 0 0 1
1 2 7 25 2 5 4 1 1 0 1 1 0 1
0 3 8 25 1 5 5 1 1 0 0 2 1 1
1 4 9 25 2 1 3 0 0 1 0 3 1 4
1 5 10 25 1 0 3 1 1 1 0 10 0 3
0 11 11 25 2 0 5 1 1 0 0 2 0 0
0 12 12 25 0 1 0 0 0 1 0 6 0 0
1 4 13 25 0 4 4 0 0 1 0 9 1 0
0 1 14 25 1 4 5 1 0 0 0 2 0 3
0 2 15 25 0 4 5 1 0 0 1 1 1 2
0 10 16 25 2 4 2 0 1 1 0 0 0 1
1 0 0 26 2 5 4 1 1 0 1 4 0 4
0 1 1 26 0 2 5 0 0 1 0 5 1 0
0 2 2 26 1 4 0 1 1 0 1 6 0 3
0 6 3 26 0 0 1 0 1 0 1 7 1 1
0 7 4 26 0 1 3 1 0 0 0 8 0 2
1 8 5 26 0 3 2 0 1 1 1 9 1 1
0 9 6 26 2 1 0 0 0 0 1 0 1 3
0 10 7 26 1 0 2 1 1 0 1 1 0 2
1 11 8 26 1 5 3 1 0 1 1 2 0 4
0 12 9 26 2 4 5 1 1 0 0 3 1 2
0 3 10 26 1 0 4 0 1 0 1 10 1 3
1 4 11 26 1 0 1 1 1 0 1 3 0 1
1 5 12 26 0 0 0 0 1 1 0 6 1 4
1 9 13 26 0 4 1 1 1 0 0 8 1 3
1 3 14 26 1 5 4 1 1 1 1 1 1 1
0 8 15 26 1 3 3 0 0 1 0 2 1 1
1 1 16 26 1 2 0 1 0 1 0 3 1 2
1 6 0 27 2 5 4 1 1 0 1 4 0 4
0 7 1 27 0 2 5 0 0 1 0 5 1 0
0 8 2 27 1 4 0 0 1 0 0 6 0 3
1 9 3 27 2 0 1 0 1 0 1 7 0 1
1 10 4 27 2 1 3 1 0 0 0 8 1 2
0 0 5 27 2 3 2 1 0 0 1 9 0 4
0 1 6 27 2 2 4 1 0 0 0 0 1 1
1 2 7 27 0 0 3 0 1 0 1 1 1 1
1 3 8 27 1 3 0 1 1 0 0 2 1 2
0 4 9 27 2 0 5 0 1 0 1 3 1 4
0 5 10 27 0 3 0 1 1 1 0 10 1 0
1 11 11 27 2 1 3 0 0 1 0 2 1 2
1 12 12 27 1 3 0 0 1 0 1 9 1 2
1 9 13 27 0 4 4 0 0 1 0 7 1 0
0 10 14 27 0 2 2 1 1 0 0 2 0 2
0 12 15 27 1 4 0 1 1 0 0 3 1 3
0 12 16 27 0 5 2 1 1 0 0 8 1 0
1 0 0 28 2 5 4 1 1 0 1 4 0 4
0 1 1 28 0 2 5 0 0 1 0 5 1 0
1 2 2 28 1 4 0 0 0 1 1 6 1 3
1 6 3 28 0 0 1 1 0 1 1 7 0 1
1 7 4 28 0 1 3 0 0 1 1 8 0 2
1 8 5 28 1 3 2 0 0 1 1 9 1 1
1 9 6 28 0 4 0 0 1 0 1 0 1 1
0 10 7 28 2 2 2 1 0 1 0 1 1 3
1 11 8 28 1 1 0 1 0 1 0 2 1 0
1 12 9 28 1 1 5 0 1 0 0 3 0 3
0 3 10 28 1 3 0 1 1 1 1 10 0 0
1 4 11 28 0 1 1 1 1 0 0 4 0 1
1 5 12 28 0 4 3 1 1 1 1 3 0 1
1 4 13 28 2 2 3 1 0 1 0 2 1 2
0 11 14 28 0 0 1 1 1 1 1 4 1 0
1 11 15 28 1 0 0 0 0 0 0 1 1 0
0 0 16 28 2 3 5 0 1 0 1 4 0 3
1 6 0 29 2 5 4 1 1 0 1 4 0 4
0 7 1 29 0 2 5 0 0 1 0 5 1 0
0 8 2 29 1 4 0 0 0 1 0 6 1 3
0 9 3 29 2 0 1 0 1 0 0 7 1 1
0 10 4 29 1 1 3 1 0 1 0 8 1 2
1 0 5 29 1 3 2 0 1 0 1 9 1 1
0 1 6 29 1 3 5 0 0 1 1 0 1 1
0 2 7 29 2 4 3 0 0 0 1 1 0 0
0 3 8 29 0 5 4 1 0 1 1 2 1 2
0 4 9 29 2 1 1 1 0 1 0 3 0 3
0 5 10 29 1 5 2 0 1 1 1 10 1 3
1 11 11 29 2 4 3 1 0 0 0 8 0 3
1 12 12 29 0 4 5 1 1 0 0 5 0 4
1 1 13 29 0 2 5 1 1 0 0 9 1 4
1 5 14 29 1 0 1 1 0 0 0 0 1 1
1 7 15 29 1 4 0 0 0 0 0 9 1 1
1 2 16 29 0 3 5 0 1 0 0 3 0 0
1 0 0 30 2 5 4 1 1 0 1 4 0 4
0 1 1 30 0 2 5 0 0 1 0 5 1 0
0 2 2 30 1 4 0 1 1 0 1 6 1 3
1 6 3 30 0 0 1 1 1 0 1 7 1 1
1 7 4 30 0 1 3 1 1 1 1 8 0 2
1 8 5 30 2 3 2 1 0 0 0 9 1 4
1 9 6 30 0 2 1 1 0 0 0 0 1 2
0 10 7 30 2 5 1 1 0 0 1 1 1 2
0 11 8 30 0 5 3 0 0 0 1 2 1 2
1 12 9 30 1 0 4 1 1 0 1 3 0 3
1 3 10 30 1 1 1 0 0 0 0 10 1 0
0 4 11 30 2 5 4 0 1 0 0 3 1 1
1 5 12 30 2 5 5 1 0 1 0 0 1 3
1 11 13 30 0 0 3 0 1 1 1 4 1 3
1 3 14 30 2 3 4 1 1 0 0 0 0 4
1 11 15 30 2 3 1 1 0 0 0 6 1 4
1 6 16 30 0 5 5 1 0 1 0 9 1 0
0 1 12 5 2 1 1 0 0 1 1 4 1 1
0 6 6 22 1 1 4 1 0 0 0 5 1 1
0 7 8 2 0 0 3 0 0 0 0 9 0 4
0 8 9 5 2 5 0 0 0 0 0 6 0 3
1 9 2 13 0 4 0 1 0 1 1 0 1 4

