MFT generation 1 -> 1, 2 ms

System Name: Insurance.model
Parameters: 14, Constraints: 1, Tests: 539, Covered: 4573
166ms, validity verified: true

Test Set:
1 6 0 0 1 2 5 0 0 1 0 7 1 4
0 7 0 0 1 3 0 0 0 1 0 8 1 0
0 8 0 0 1 1 2 0 1 1 0 3 1 2
0 9 0 0 2 2 1 1 0 0 0 10 1 3
1 10 0 0 0 2 1 0 0 0 0 0 1 2
1 11 1 0 2 4 3 1 1 1 1 1 0 1
0 12 2 0 0 5 4 1 1 1 1 2 0 3
1 0 3 0 2 0 5 1 1 0 1 4 0 0
1 1 4 0 0 1 0 1 0 0 1 5 0 1
1 2 5 0 2 3 2 1 1 0 1 6 0 4
0 3 6 0 0 4 4 0 0 0 0 9 1 0
1 4 7 0 1 5 3 0 0 0 1 10 0 2
0 5 8 0 1 0 4 1 1 1 0 0 0 4
0 6 9 0 2 1 1 0 1 0 1 1 1 0
1 7 10 0 1 4 2 0 0 0 0 2 1 1
0 8 11 0 0 5 0 1 0 1 0 4 1 4
1 9 12 0 0 0 3 0 1 1 0 5 1 3
0 10 13 0 1 1 5 1 1 1 1 6 0 3
0 11 14 0 0 3 1 0 0 0 1 7 0 1
1 12 15 0 2 4 5 1 1 0 1 8 0 2
0 0 16 0 2 5 2 0 0 1 0 9 1 3
1 1 0 1 1 0 4 0 0 1 0 1 0 2
0 2 1 1 0 2 0 1 1 0 1 3 1 0
1 3 2 1 2 3 3 0 1 1 1 4 0 1
0 4 3 1 1 4 1 1 0 1 0 5 1 4
1 5 4 1 0 5 5 0 0 0 0 6 1 0
0 6 5 1 0 0 2 1 0 1 0 8 0 1
1 7 6 1 2 1 3 1 1 1 1 10 0 4
0 8 7 1 2 3 5 1 1 0 1 0 1 3
1 9 8 1 2 1 0 0 0 0 1 2 0 2
1 10 9 1 2 4 0 1 1 1 0 7 0 3
0 11 10 1 1 2 4 1 1 1 1 9 0 4
1 12 11 1 1 3 1 0 0 0 0 3 0 1
0 0 12 1 1 2 3 1 0 0 1 6 0 1
1 1 13 1 2 5 2 0 1 0 0 7 1 0
1 2 14 1 1 1 4 0 1 1 0 8 1 3
0 3 15 1 0 0 0 1 0 1 0 10 1 4
1 4 16 1 0 1 0 1 1 0 1 0 0 0
0 5 0 2 2 2 3 0 0 1 1 2 1 1
1 6 1 2 1 3 4 0 1 0 0 4 0 2
1 7 2 2 0 5 5 1 0 0 0 5 1 2
1 8 3 2 0 0 1 0 1 0 1 9 0 1
0 9 4 2 1 4 2 1 1 1 0 1 1 4
0 10 5 2 2 5 3 0 1 1 0 3 1 0
0 11 6 2 1 0 0 0 1 1 0 6 1 2
1 12 7 2 0 1 2 1 0 1 0 7 1 4
1 0 8 2 0 2 1 0 0 0 0 8 1 3
0 1 9 2 1 3 5 0 0 0 1 10 0 1
0 2 10 2 2 5 1 1 0 0 1 0 1 1
0 3 11 2 0 2 2 0 1 1 1 1 0 3
0 4 12 2 2 3 5 0 1 1 1 2 1 0
0 5 13 2 0 4 4 1 0 1 1 3 1 2
1 6 14 2 2 4 3 1 1 0 1 5 0 0
1 7 15 2 1 1 4 0 1 1 1 9 0 3
1 8 16 2 2 4 4 0 0 1 0 10 1 0
0 11 0 3 0 5 2 1 1 0 1 4 0 3
1 12 1 3 1 0 3 0 0 1 0 5 1 4
1 0 2 3 2 1 0 1 0 0 0 7 0 2
0 1 3 3 0 2 3 1 0 1 0 8 1 4
0 2 4 3 2 3 5 1 1 1 1 9 1 2
1 3 5 3 1 4 1 1 1 0 0 0 0 2
0 4 6 3 0 5 2 1 0 0 0 1 1 1
1 5 7 3 1 0 1 1 1 1 0 2 0 0
0 10 8 3 2 3 2 1 1 0 1 10 0 1
1 9 9 3 0 0 4 1 0 1 1 3 1 4
0 6 10 3 0 1 0 1 0 0 0 6 1 3
0 7 11 3 2 0 3 1 1 1 0 7 1 0
0 8 12 3 2 5 4 0 0 0 1 8 0 2
1 9 13 3 1 2 1 1 1 1 1 4 0 1
0 10 14 3 2 0 0 1 0 0 0 9 0 4
0 11 15 3 2 2 2 1 0 1 0 0 1 0
1 12 16 3 1 3 5 1 1 0 0 1 0 2
0 0 0 4 0 4 4 1 1 0 1 5 0 4
1 1 1 4 1 5 1 0 0 1 0 6 1 3
1 2 2 4 2 0 3 1 1 0 0 10 0 0
0 3 3 4 1 1 5 1 0 1 1 2 1 2
1 4 4 4 1 2 4 0 1 1 0 3 1 3
0 5 5 4 0 1 0 1 1 1 1 4 1 3
0 6 6 4 2 3 5 0 1 1 0 0 0 1
1 7 7 4 2 2 0 0 1 0 0 1 0 1
1 8 8 4 0 4 3 1 0 0 0 7 0 0
1 11 9 4 1 5 2 1 1 1 1 8 0 2
1 12 10 4 0 3 3 0 0 1 0 9 0 0
0 9 11 4 1 4 5 1 0 0 1 6 1 2
0 10 12 4 2 4 1 0 0 1 0 4 0 4
0 0 13 4 0 3 0 0 1 0 1 2 1 4
1 1 14 4 0 5 5 1 0 1 0 3 0 2
1 2 15 4 0 3 1 1 1 0 1 5 0 1
1 3 16 4 1 0 4 1 1 1 0 6 1 1
0 4 0 5 0 0 2 1 1 0 1 9 0 3
1 5 1 5 1 1 5 0 0 1 0 10 1 4
1 6 2 5 2 2 1 1 0 1 0 3 0 0
1 7 3 5 2 5 3 0 0 0 0 0 1 3
0 8 4 5 0 2 4 1 1 0 1 2 1 1
0 9 5 5 1 3 4 1 0 0 1 7 1 2
1 10 6 5 0 4 0 1 0 1 0 8 1 3
1 11 7 5 1 1 2 0 1 0 0 5 1 2
0 12 8 5 0 2 5 0 0 0 0 4 0 3
0 0 9 5 2 2 3 0 1 0 1 1 1 0
1 1 10 5 1 4 5 1 0 1 1 4 1 2
0 2 11 5 0 1 4 1 1 1 0 2 1 0
1 3 12 5 0 5 0 0 1 1 0 3 0 2
1 4 13 5 0 0 3 1 0 0 1 6 0 0
0 5 14 5 0 3 2 1 1 1 0 1 1 2
0 6 15 5 0 5 3 1 0 1 1 2 1 2
1 7 16 5 0 2 1 0 0 1 0 3 0 4
0 12 0 6 0 4 0 1 1 0 1 6 0 0
1 0 1 6 1 0 2 0 0 1 0 0 1 3
0 1 2 6 2 1 1 0 0 0 0 9 1 4
0 2 3 6 1 3 4 0 1 1 1 7 1 1
0 3 4 6 0 5 3 0 0 0 1 8 0 2
1 4 5 6 1 2 5 0 0 0 1 10 1 1
0 5 6 6 2 2 1 1 0 0 0 5 0 0
1 9 7 6 1 4 4 1 1 0 0 8 1 0
0 11 8 6 0 5 5 0 1 1 1 3 0 1
1 8 9 6 2 3 3 0 1 1 1 4 1 3
0 10 10 6 0 0 4 1 0 1 1 1 1 3
1 6 11 6 0 0 1 1 1 1 1 9 1 4
0 7 12 6 0 1 2 1 0 1 0 10 0 4
1 8 13 6 1 3 5 0 0 1 1 5 0 0
0 9 14 6 0 5 2 0 1 1 0 0 0 3
1 10 15 6 2 0 0 0 0 0 1 2 0 1
0 11 16 6 0 3 3 0 0 1 0 2 1 4
0 2 0 7 0 4 0 1 1 0 1 4 0 3
1 3 1 7 1 0 1 0 0 1 0 7 1 4
1 4 2 7 2 1 2 1 0 1 0 8 0 0
1 5 3 7 0 3 0 1 0 0 0 9 1 1
1 12 4 7 2 0 1 0 1 0 0 10 0 2
1 0 5 7 0 2 5 1 0 0 0 1 1 3
0 1 6 7 1 5 3 1 1 1 0 2 0 4
0 6 7 7 1 5 4 0 1 0 1 6 0 2
1 7 8 7 0 0 4 0 1 1 0 5 0 1
0 8 9 7 2 0 2 1 0 0 1 0 0 0
0 9 10 7 0 0 0 1 0 1 1 3 0 2
1 10 11 7 0 5 5 1 1 0 1 5 0 0
1 11 12 7 0 1 5 0 0 0 1 7 0 1
1 12 13 7 2 5 3 1 0 0 1 0 1 0
1 0 14 7 2 2 2 0 0 1 1 10 0 0
1 1 15 7 2 4 4 0 0 0 0 1 0 4
0 2 16 7 1 5 3 1 1 0 1 4 1 1
0 3 0 8 0 3 0 1 1 0 1 5 0 3
1 4 1 8 1 4 2 0 0 1 0 7 1 4
1 5 2 8 2 1 5 0 0 0 0 8 1 0
0 6 3 8 1 0 1 0 1 1 0 10 1 1
1 7 4 8 0 5 3 0 1 1 0 4 0 2
1 8 5 8 0 2 4 1 0 1 0 6 1 2
0 9 6 8 0 4 5 1 0 0 0 9 1 3
1 10 7 8 0 1 1 0 0 0 0 3 1 4
0 1 8 8 2 3 4 1 1 0 0 0 1 4
1 2 9 8 2 4 3 1 1 0 0 1 1 2
0 0 10 8 0 5 3 1 0 1 0 7 1 4
1 11 11 8 0 0 1 0 0 1 1 10 1 1
1 12 12 8 0 3 2 0 0 0 0 9 0 0
1 3 13 8 0 4 3 1 1 1 1 8 0 1
1 4 14 8 2 0 3 1 0 0 0 2 0 1
1 5 15 8 0 2 4 1 0 0 1 7 0 0
1 6 16 8 1 5 4 1 1 0 0 8 1 2
0 7 0 9 0 3 0 1 1 0 1 6 0 3
1 8 1 9 1 4 2 0 0 1 0 9 1 4
0 9 2 9 2 1 5 1 1 1 1 0 1 0
1 10 3 9 1 0 1 0 1 0 0 1 1 1
0 11 4 9 0 5 3 0 1 0 0 7 1 2
0 12 5 9 2 2 4 1 1 1 1 5 1 1
0 0 6 9 2 2 0 0 1 1 0 3 0 1
0 1 7 9 2 2 3 0 0 1 1 4 0 2
1 2 8 9 0 0 0 0 0 1 0 6 1 2
1 3 9 9 2 0 3 1 0 0 1 2 1 4
0 4 10 9 1 1 5 0 0 1 1 8 0 0
0 5 11 9 2 2 3 0 1 1 1 10 1 0
1 6 12 9 2 3 5 0 0 1 0 0 0 0
0 7 13 9 0 3 2 0 0 1 0 1 0 4
0 8 14 9 2 3 5 0 1 0 0 4 0 1
1 9 15 9 2 0 2 0 1 1 0 6 0 1
1 10 16 9 2 2 3 1 0 1 1 5 0 4
0 11 0 10 0 3 0 1 1 0 1 9 0 3
1 7 1 10 1 4 2 0 0 1 0 2 1 4
0 8 2 10 2 1 5 1 0 0 1 1 1 0
0 12 3 10 1 0 1 1 0 0 1 3 0 1
1 0 4 10 2 5 3 0 0 1 0 0 0 2
1 1 5 10 1 2 4 0 1 0 0 4 0 3
1 2 6 10 0 4 0 0 0 0 1 7 1 0
0 3 7 10 1 0 1 1 1 1 1 8 1 2
1 4 8 10 0 5 2 1 1 1 0 9 0 0
0 5 9 10 1 5 5 0 0 0 0 5 0 4
1 6 10 10 1 1 2 0 0 1 1 10 0 1
0 9 11 10 0 2 2 1 1 1 0 6 0 1
0 10 12 10 2 3 4 0 1 1 1 1 1 2
1 11 13 10 0 2 3 0 1 0 1 9 1 1
1 12 14 10 0 4 5 0 1 0 0 6 0 0
0 0 15 10 1 3 4 0 0 1 0 3 1 1
0 1 16 10 1 1 4 0 1 1 1 7 0 2
0 2 0 11 0 3 0 1 1 0 1 8 0 3
1 9 1 11 1 4 2 0 0 1 0 10 1 4
0 10 2 11 2 1 5 1 0 1 0 6 0 0
0 11 3 11 0 0 1 1 1 1 1 0 1 1
1 6 4 11 0 5 3 1 1 1 0 2 1 2
0 7 5 11 1 2 4 0 1 0 0 9 1 0
0 8 6 11 0 4 0 0 0 1 0 4 0 2
1 0 7 11 2 5 1 1 0 1 0 5 1 0
1 3 8 11 1 5 0 0 0 1 1 1 0 2
0 4 9 11 1 5 0 1 1 0 0 3 0 2
1 5 10 11 0 2 5 1 0 0 1 5 0 1
0 1 11 11 0 3 2 1 0 0 0 7 0 0
1 2 12 11 1 1 5 1 0 1 1 3 1 1
1 12 13 11 2 5 5 1 1 1 1 10 1 3
0 3 14 11 2 1 3 0 1 1 0 6 0 0
0 4 15 11 0 0 2 1 1 0 1 4 0 4
0 5 16 11 1 0 4 0 0 0 1 1 1 4
0 6 0 12 0 3 0 1 1 0 1 8 0 3
1 10 1 12 1 4 2 0 0 1 0 0 1 4
1 11 2 12 2 1 5 1 1 1 0 2 0 0
0 9 3 12 2 0 1 1 0 0 0 6 1 1
0 12 4 12 0 5 3 0 1 1 0 3 1 2
0 0 5 12 0 2 4 0 1 0 0 4 1 3
0 1 6 12 2 2 1 1 0 1 1 5 0 2
1 2 7 12 2 3 0 0 0 1 0 9 0 4
0 3 8 12 2 3 0 0 1 1 0 10 0 0
1 7 9 12 2 4 0 1 0 1 0 1 0 0
0 8 10 12 2 4 5 1 1 1 0 7 0 1
0 4 11 12 0 3 1 0 1 1 0 8 0 2
0 5 12 12 2 0 5 0 1 0 0 6 0 1
0 6 13 12 0 0 0 0 0 1 0 5 1 1
1 7 14 12 2 3 0 1 0 0 0 2 0 2
0 8 15 12 1 0 0 0 0 0 1 1 0 1
0 9 16 12 2 0 0 0 1 1 1 7 1 3
0 10 0 13 0 3 0 1 1 0 1 0 0 3
1 11 1 13 1 4 2 0 0 1 0 8 1 4
1 12 2 13 2 1 5 0 0 1 0 2 0 0
0 0 3 13 1 0 1 0 1 1 1 3 1 1
0 1 4 13 1 5 3 0 0 0 1 4 0 2
1 2 5 13 2 2 4 1 1 0 0 5 0 1
1 3 6 13 1 0 4 0 0 1 1 6 1 4
1 4 7 13 1 0 1 1 0 0 0 7 1 0
0 6 8 13 1 1 0 1 0 1 1 9 1 3
1 5 9 13 1 3 3 1 0 1 0 10 0 2
0 7 10 13 1 1 0 0 0 0 0 1 1 3
1 8 11 13 2 3 4 1 1 0 0 0 0 3
0 9 12 13 2 4 3 1 1 1 0 3 0 0
1 2 13 13 1 4 2 1 0 1 0 0 1 0
0 11 14 13 2 5 2 1 0 0 1 9 1 3
1 7 15 13 0 0 0 1 1 0 0 0 0 3
1 4 16 13 2 4 0 0 1 1 1 5 1 2
0 3 0 14 0 3 0 1 1 0 1 2 0 3
1 4 1 14 1 4 2 0 0 1 0 3 1 4
0 5 2 14 2 1 5 0 0 1 0 4 1 0
1 10 3 14 1 0 1 1 1 1 1 5 1 1
0 11 4 14 2 5 3 0 0 0 0 6 1 2
0 12 5 14 2 2 4 1 1 0 1 7 1 0
1 0 6 14 0 3 0 0 0 1 1 8 1 1
0 1 7 14 2 3 4 0 1 0 1 9 1 2
1 2 8 14 2 1 4 1 0 1 0 10 0 3
1 6 9 14 2 5 3 1 1 0 1 0 1 3
1 7 10 14 1 5 5 0 1 1 1 1 0 3
0 8 11 14 1 5 4 0 0 1 0 9 1 1
1 9 12 14 2 3 1 0 1 0 1 10 1 0
0 6 13 14 0 5 5 1 0 0 1 9 1 1
0 10 14 14 1 1 0 0 1 1 0 0 0 4
1 0 15 14 2 1 2 1 0 1 1 3 1 4
1 5 16 14 2 3 0 0 0 0 0 9 1 3
0 10 0 15 0 3 0 1 1 0 1 2 0 3
1 11 1 15 1 4 2 0 0 1 0 3 1 4
1 12 2 15 2 1 5 1 1 0 1 4 0 0
0 0 3 15 1 0 1 1 1 1 1 5 0 1
1 1 4 15 0 5 3 0 0 0 1 6 0 2
1 3 5 15 0 2 4 0 1 1 1 7 1 3
1 4 6 15 1 0 4 1 0 0 0 8 1 4
0 5 7 15 2 2 3 1 0 0 0 9 0 0
0 6 8 15 1 0 5 0 1 0 0 10 0 0
1 7 9 15 0 1 3 1 0 1 1 0 1 0
0 8 10 15 1 4 1 1 1 0 1 1 0 2
0 9 11 15 2 4 2 0 1 0 0 0 1 2
1 1 12 15 2 3 0 1 0 0 0 5 0 2
0 2 13 15 2 0 0 0 0 0 0 0 1 2
0 12 14 15 2 3 1 1 1 1 0 3 1 3
1 9 15 15 1 0 3 1 1 1 1 4 1 0
1 5 16 15 0 2 5 0 1 0 0 7 0 2
0 3 0 16 0 3 0 1 1 0 1 2 0 3
1 4 1 16 1 4 2 0 0 1 0 3 1 4
1 5 2 16 2 1 5 1 1 0 0 4 1 0
1 10 3 16 2 0 1 0 0 1 0 5 0 1
1 11 4 16 2 5 3 0 0 0 1 6 0 2
0 12 5 16 2 2 4 1 0 1 0 7 0 2
1 0 6 16 2 0 3 1 0 0 1 8 0 1
0 1 7 16 2 4 4 1 1 1 1 9 1 4
1 2 8 16 2 0 1 1 1 1 0 10 1 4
0 6 9 16 0 5 2 1 1 1 1 0 0 4
0 7 10 16 2 2 5 0 1 1 0 1 0 2
0 8 11 16 0 0 2 0 0 1 1 0 0 1
0 9 12 16 0 0 3 1 0 0 1 5 1 4
1 9 13 16 0 2 3 1 0 1 0 5 0 1
1 9 14 16 2 4 4 1 1 1 1 2 1 3
0 9 15 16 2 3 0 1 0 0 0 8 1 0
0 6 16 16 1 1 3 0 0 0 0 7 0 2
0 10 0 17 0 3 0 1 1 0 1 2 0 3
1 11 1 17 1 4 2 0 0 1 0 3 1 4
1 12 2 17 2 1 5 1 0 0 1 4 1 0
1 0 3 17 0 0 1 0 1 1 0 5 1 1
0 3 4 17 1 5 3 1 1 0 0 6 1 2
0 4 5 17 2 2 4 1 1 1 1 7 0 1
0 5 6 17 0 1 0 1 0 1 1 8 0 1
0 6 7 17 0 1 2 0 0 0 0 9 1 3
0 7 8 17 1 1 0 0 0 0 1 10 1 0
1 8 9 17 0 4 2 0 0 1 1 0 1 4
1 9 10 17 0 5 5 1 0 1 0 1 0 2
0 0 11 17 1 0 2 1 1 1 0 3 0 2
1 1 12 17 0 0 5 0 0 0 0 8 0 3
0 2 13 17 0 4 2 0 0 0 0 1 1 0
0 5 14 17 1 0 1 1 1 1 1 1 1 4
1 7 15 17 0 4 3 0 1 1 0 1 1 0
0 8 16 17 1 0 3 0 0 1 0 2 1 3
0 3 0 18 0 3 0 1 1 0 1 2 0 3
1 4 1 18 1 4 2 0 0 1 0 3 1 4
0 5 2 18 2 1 5 0 1 1 1 4 1 0
1 10 3 18 0 0 1 0 1 0 1 5 0 1
0 11 4 18 2 5 3 1 1 0 1 6 1 2
1 12 5 18 2 2 4 1 0 1 0 7 0 2
1 0 6 18 0 5 0 1 1 0 1 8 1 0
1 1 7 18 0 1 2 1 1 0 0 9 1 1
1 2 8 18 0 1 5 1 0 1 1 10 0 3
0 6 9 18 0 3 1 1 0 1 0 0 0 2
1 7 10 18 0 5 5 1 1 0 0 1 0 0
1 8 11 18 0 2 2 1 0 1 0 4 0 3
0 9 12 18 1 0 1 0 0 1 0 5 0 2
0 1 13 18 1 5 2 0 1 0 0 7 1 3
1 2 14 18 0 1 2 1 1 0 1 5 0 1
0 9 15 18 0 3 5 1 1 1 0 7 1 1
1 10 16 18 2 4 5 1 1 1 1 5 1 0
0 10 0 19 0 3 0 1 1 0 1 2 0 3
1 11 1 19 1 4 2 0 0 1 0 3 1 4
1 12 2 19 2 1 5 0 1 0 0 4 1 0
0 3 3 19 2 0 1 1 1 0 0 5 0 1
0 4 4 19 0 5 3 0 1 1 1 6 0 2
1 5 5 19 0 2 4 0 1 0 1 7 1 4
0 6 6 19 1 1 5 0 1 1 0 8 0 3
0 7 7 19 1 2 1 1 1 0 0 9 0 1
1 8 8 19 1 2 5 0 0 0 1 10 0 3
0 9 9 19 1 1 5 0 0 1 1 0 1 1
1 0 10 19 2 2 1 0 1 1 1 1 0 3
1 1 11 19 1 2 0 1 1 0 1 5 1 2
1 2 12 19 2 3 5 0 1 1 1 2 1 1
1 9 13 19 0 2 1 1 0 0 1 8 1 2
1 3 14 19 0 5 4 0 1 1 0 4 0 3
1 3 15 19 1 4 4 0 1 0 1 2 1 4
0 4 16 19 2 2 4 1 0 0 1 7 0 2
0 3 0 20 0 3 0 1 1 0 1 2 0 3
1 4 1 20 1 4 2 0 0 1 0 3 1 4
1 5 2 20 2 1 5 1 1 0 0 4 0 0
1 10 3 20 0 0 1 1 1 1 0 5 0 1
0 11 4 20 2 5 3 1 1 0 1 6 1 2
1 12 5 20 1 2 4 1 1 0 0 7 1 0
0 0 6 20 2 1 3 0 0 1 1 8 1 1
0 1 7 20 0 4 1 1 1 0 1 9 0 2
1 2 8 20 1 4 0 1 0 0 0 10 1 1
1 6 9 20 2 4 3 0 1 1 0 0 1 2
1 7 10 20 0 1 2 1 1 1 1 1 1 0
1 8 11 20 0 4 3 0 1 0 1 0 1 1
0 9 12 20 1 0 3 1 0 0 1 4 1 0
0 11 13 20 0 5 1 1 0 0 0 1 0 2
1 9 14 20 0 2 5 0 0 0 0 7 0 3
1 11 15 20 1 5 3 0 1 0 1 1 0 2
0 2 16 20 2 0 5 1 0 1 1 7 1 4
0 10 0 21 0 3 0 1 1 0 1 2 0 3
1 11 1 21 1 4 2 0 0 1 0 3 1 4
0 12 2 21 2 1 5 1 0 0 1 4 1 0
1 3 3 21 0 0 1 0 0 0 1 5 0 1
1 4 4 21 2 5 3 1 0 1 0 6 1 2
0 5 5 21 2 2 4 1 1 1 1 7 1 3
1 6 6 21 0 4 0 0 0 0 1 8 1 4
1 7 7 21 0 3 2 1 0 0 1 9 0 1
1 8 8 21 1 0 2 0 1 0 0 10 0 4
1 9 9 21 1 3 4 1 1 1 0 0 1 1
0 0 10 21 1 1 2 0 0 0 1 1 1 2
1 1 11 21 1 4 2 1 1 1 0 10 0 3
1 2 12 21 0 0 1 1 1 0 0 5 1 1
1 11 13 21 1 2 2 1 0 1 0 10 1 3
0 0 14 21 1 2 5 0 1 1 0 3 1 0
0 3 15 21 2 3 0 1 0 1 1 10 0 3
1 3 16 21 0 0 5 1 0 1 0 5 1 1
0 3 0 22 0 3 0 1 1 0 1 2 0 3
1 4 1 22 1 4 2 0 0 1 0 3 1 4
0 5 2 22 2 1 5 1 1 1 0 4 1 0
0 10 3 22 2 0 1 0 1 1 1 5 1 1
1 11 4 22 2 5 3 0 0 1 0 6 1 2
0 12 5 22 0 2 4 1 0 0 0 7 1 1
1 0 6 22 2 0 0 1 1 0 1 8 1 2
1 1 7 22 0 1 5 0 1 1 1 9 1 4
0 2 8 22 0 1 2 0 0 1 1 10 1 0
1 6 9 22 0 5 4 0 0 0 0 0 0 0
0 7 10 22 0 4 3 0 0 1 0 1 1 3
1 8 11 22 2 5 2 0 0 1 1 5 0 0
1 9 12 22 1 3 4 0 1 1 1 6 0 3
1 9 13 22 0 2 2 0 1 1 1 4 0 4
0 8 14 22 0 3 5 0 0 1 0 3 0 3
0 7 15 22 0 3 4 1 0 0 0 5 0 3
1 5 16 22 2 4 2 0 0 0 1 3 1 2
0 10 0 23 0 3 0 1 1 0 1 2 0 3
1 11 1 23 1 4 2 0 0 1 0 3 1 4
0 12 2 23 2 1 5 0 1 0 1 4 0 0
1 3 3 23 0 0 1 0 0 1 1 5 0 1
0 4 4 23 2 5 3 0 1 1 1 6 1 2
1 5 5 23 1 2 4 0 1 1 0 7 0 4
0 6 6 23 2 4 5 1 1 1 1 8 1 0
1 7 7 23 2 0 2 1 0 0 1 9 1 4
0 8 8 23 1 0 2 1 1 1 1 10 0 1
0 9 9 23 0 2 1 0 1 0 0 0 0 4
1 0 10 23 2 1 5 1 0 0 0 1 1 1
1 1 11 23 2 1 0 1 1 1 0 4 0 1
1 2 12 23 0 4 0 1 0 0 0 6 0 3
1 11 13 23 0 5 1 0 0 1 0 0 0 0
0 7 14 23 2 3 4 0 1 0 1 6 0 2
1 0 15 23 2 5 4 1 0 0 1 10 0 1
1 11 16 23 0 3 4 1 1 0 0 6 0 2
0 3 0 24 0 3 0 1 1 0 1 2 0 3
1 4 1 24 1 4 2 0 0 1 0 3 1 4
1 5 2 24 2 1 5 0 1 1 1 4 1 0
1 10 3 24 0 0 1 1 0 1 0 5 1 1
1 11 4 24 1 5 3 1 1 0 0 6 0 2
0 12 5 24 1 2 4 0 1 1 0 7 0 0
1 0 6 24 0 3 4 1 1 0 0 8 1 1
1 1 7 24 1 1 5 1 1 0 1 9 1 4
1 2 8 24 1 1 3 1 1 0 0 10 0 1
1 6 9 24 0 0 5 0 1 1 0 0 0 1
0 7 10 24 2 4 0 1 1 1 0 1 1 2
1 8 11 24 0 4 1 1 0 1 1 5 1 1
0 9 12 24 2 1 0 1 0 0 0 6 0 3
0 11 13 24 0 3 4 0 0 0 0 1 1 1
1 11 14 24 0 0 3 0 0 0 0 9 1 2
1 9 15 24 1 3 3 0 0 1 1 7 1 2
1 11 16 24 2 0 2 1 0 0 0 4 0 4
0 10 0 25 0 3 0 1 1 0 1 2 0 3
1 11 1 25 1 4 2 0 0 1 0 3 1 4
1 12 2 25 2 1 5 1 0 1 0 4 0 0
0 3 3 25 1 0 1 0 1 0 0 5 0 1
1 4 4 25 2 5 3 0 0 1 0 6 1 2
1 5 5 25 1 2 4 0 0 1 1 7 1 3
1 6 6 25 0 4 2 0 0 1 0 8 1 1
0 7 7 25 2 2 5 1 0 0 1 9 0 4
0 8 8 25 2 4 3 0 1 1 1 10 0 4
1 9 9 25 1 2 4 0 1 0 1 0 1 0
1 0 10 25 0 1 5 0 0 1 0 1 0 0
0 1 11 25 1 2 4 0 0 1 1 7 1 2
1 2 12 25 0 0 5 0 0 1 0 1 0 3
1 1 13 25 1 0 3 0 1 1 0 2 1 3
0 10 14 25 0 1 1 0 0 1 0 8 1 3
0 4 15 25 1 3 5 1 1 0 1 2 0 3
1 4 16 25 0 5 1 0 0 0 1 9 1 1
0 3 0 26 0 3 0 1 1 0 1 2 0 3
1 4 1 26 1 4 2 0 0 1 0 3 1 4
0 5 2 26 2 1 5 1 0 0 0 4 0 0
0 10 3 26 2 0 1 1 1 0 0 5 1 1
0 11 4 26 1 5 3 0 0 1 0 6 1 2
1 12 5 26 2 2 4 1 1 0 0 7 0 3
0 0 6 26 2 2 1 1 1 0 0 8 1 1
0 1 7 26 0 4 1 1 0 1 1 9 1 4
1 2 8 26 1 4 0 1 0 1 1 10 1 0
0 6 9 26 2 5 3 0 1 1 0 0 0 2
0 7 10 26 1 1 2 1 1 1 0 1 1 4
0 8 11 26 2 1 0 1 0 1 0 6 0 0
1 9 12 26 1 0 1 0 1 0 0 3 1 0
0 0 13 26 1 3 4 0 1 1 0 10 1 4
1 5 14 26 0 1 2 1 1 1 0 5 1 1
1 0 15 26 1 1 0 0 1 1 0 5 1 2
1 2 16 26 0 4 2 0 1 0 0 9 1 1
0 10 0 27 0 3 0 1 1 0 1 2 0 3
1 11 1 27 1 4 2 0 0 1 0 3 1 4
0 12 2 27 2 1 5 0 0 0 1 4 0 0
0 3 3 27 2 0 1 1 0 0 1 5 1 1
0 4 4 27 1 5 3 0 1 0 1 6 0 2
0 5 5 27 2 2 4 1 0 0 0 7 1 3
0 6 6 27 2 2 5 0 1 1 1 8 0 3
0 7 7 27 0 3 1 1 1 0 1 9 0 1
0 8 8 27 1 4 1 0 1 0 1 10 0 2
0 9 9 27 0 2 1 1 1 1 1 0 0 2
1 0 10 27 2 3 1 0 1 0 1 1 0 4
1 1 11 27 0 5 0 0 1 0 0 1 0 0
0 2 12 27 0 1 1 1 1 0 0 10 0 0
1 0 13 27 2 0 0 0 1 1 0 5 0 1
0 12 14 27 0 3 4 0 0 1 1 6 1 4
0 1 15 27 2 4 4 0 1 1 1 9 0 0
0 3 16 27 2 3 5 0 1 1 0 2 0 3
0 3 0 28 0 3 0 1 1 0 1 2 0 3
1 4 1 28 1 4 2 0 0 1 0 3 1 4
1 5 2 28 2 1 5 1 1 1 1 4 1 0
1 10 3 28 1 0 1 1 0 1 1 5 0 1
1 11 4 28 0 5 3 1 0 1 0 6 1 2
1 12 5 28 0 2 4 1 1 1 1 7 0 0
0 0 6 28 2 0 2 1 1 1 0 8 1 2
1 1 7 28 1 5 3 0 1 1 1 9 0 1
1 2 8 28 2 4 1 0 1 1 0 10 1 2
0 6 9 28 2 4 4 0 0 0 0 0 1 0
1 7 10 28 1 4 5 1 0 1 0 1 1 2
0 8 11 28 0 0 0 0 0 1 0 10 0 3
1 9 12 28 2 0 1 1 0 1 0 2 1 3
1 10 13 28 0 5 1 0 1 1 0 10 1 1
1 0 14 28 1 3 4 1 1 1 1 2 0 4
0 8 15 28 1 4 5 0 1 1 1 4 0 4
0 12 16 28 2 2 4 1 0 0 0 5 0 1
0 10 0 29 0 3 0 1 1 0 1 2 0 3
1 11 1 29 1 4 2 0 0 1 0 3 1 4
1 12 2 29 2 1 5 0 1 1 0 4 0 0
0 3 3 29 2 0 1 0 1 1 0 5 1 1
1 4 4 29 1 5 3 0 1 1 1 6 1 2
0 5 5 29 1 2 4 1 1 1 1 7 0 1
1 6 6 29 1 4 2 1 1 1 0 8 1 3
0 7 7 29 1 5 3 1 0 1 1 9 0 1
1 8 8 29 1 0 2 1 1 1 1 10 0 2
1 9 9 29 1 5 0 0 0 1 0 0 0 4
1 0 10 29 1 1 4 1 1 0 1 1 0 1
0 1 11 29 2 2 3 0 0 0 0 7 0 2
0 2 12 29 1 0 2 0 0 1 1 6 0 3
0 8 13 29 0 0 1 0 1 1 1 5 1 4
0 5 14 29 1 1 5 0 1 0 1 0 0 3
0 10 15 29 1 1 3 0 1 1 1 6 0 0
0 2 16 29 1 0 3 0 0 0 1 3 1 1
0 3 0 30 0 3 0 1 1 0 1 2 0 3
1 4 1 30 1 4 2 0 0 1 0 3 1 4
0 5 2 30 2 1 5 1 1 1 1 4 1 0
0 10 3 30 0 0 1 1 1 0 1 5 1 1
1 11 4 30 0 5 3 1 0 1 0 6 1 2
0 12 5 30 2 2 4 0 1 1 1 7 1 1
0 0 6 30 1 3 0 0 1 1 1 8 1 2
0 1 7 30 2 2 4 1 1 1 1 9 1 4
0 2 8 30 0 3 5 1 1 1 1 10 0 1
0 6 9 30 2 4 4 1 0 1 1 0 0 0
0 7 10 30 2 4 0 0 1 0 1 1 0 2
0 8 11 30 2 5 1 0 1 1 1 0 1 3
1 9 12 30 2 2 4 0 1 1 1 8 0 1
1 5 13 30 2 3 4 1 1 0 0 7 0 3
0 9 14 30 0 5 4 0 0 0 1 5 1 1
0 5 15 30 1 2 2 0 1 1 0 0 1 3
1 5 16 30 2 0 0 0 1 1 1 1 1 0
1 3 10 30 2 5 3 0 1 1 0 7 1 3
0 10 4 26 2 0 5 0 1 0 1 0 1 4
0 11 5 27 1 3 4 0 1 0 0 2 0 0
0 12 6 24 0 0 5 1 0 1 1 8 1 2
1 12 9 17 0 0 3 1 1 1 1 6 0 0
1 4 9 14 2 0 1 0 0 1 0 9 1 4
1 11 2 30 1 4 4 0 1 1 0 9 1 3
0 5 3 23 2 0 2 1 0 0 0 2 1 1

