MFT generation 1 -> 1, 2 ms

System Name: Insurance.model
Parameters: 14, Constraints: 1, Tests: 527, Covered: 4573
154ms, validity verified: true

Test Set:
1 1 0 0 1 1 1 1 1 1 1 1 1 1
0 2 1 0 2 2 2 0 0 0 0 2 0 2
1 3 2 0 0 3 3 0 1 0 1 3 0 3
0 4 3 0 1 4 4 1 0 1 0 4 1 4
1 5 4 0 2 5 5 1 1 0 0 5 1 0
0 6 5 0 0 0 0 0 0 1 1 6 0 1
0 7 6 0 1 1 2 1 1 0 0 7 0 3
1 8 7 0 2 2 3 1 0 1 1 8 1 4
0 9 8 0 0 3 4 0 0 1 0 9 1 0
1 10 9 0 0 4 5 0 1 1 1 10 0 2
0 11 10 0 1 5 0 0 0 1 0 0 1 3
1 12 11 0 0 0 2 1 1 0 0 1 0 4
0 0 12 0 1 1 3 0 0 1 1 2 1 0
0 1 13 0 2 2 4 1 1 0 0 3 0 1
1 2 14 0 2 3 1 1 1 0 1 4 1 2
0 3 15 0 2 4 0 0 0 0 1 5 0 4
1 4 16 0 0 5 1 0 1 0 0 6 0 0
0 5 0 1 1 0 3 0 0 1 1 7 1 2
1 6 1 1 2 1 5 1 1 0 0 8 0 3
1 7 2 1 0 2 0 1 0 1 1 9 1 0
0 8 3 1 1 3 2 0 1 0 0 10 0 1
1 9 4 1 2 4 1 1 0 0 1 0 0 4
0 10 5 1 2 5 4 1 0 0 0 1 1 2
1 11 6 1 0 0 5 1 1 1 1 2 1 1
0 12 7 1 1 1 0 0 0 1 0 3 1 2
1 0 8 1 1 2 5 1 1 0 1 4 0 3
0 1 9 1 0 3 2 0 0 1 0 5 1 4
1 2 10 1 1 4 3 1 1 1 1 6 0 1
1 3 11 1 2 5 4 0 0 1 1 7 1 1
0 4 12 1 2 0 1 0 1 0 0 8 0 3
1 5 13 1 0 1 2 0 0 1 1 9 0 4
0 6 14 1 1 2 3 1 0 1 0 10 1 0
1 7 15 1 0 3 5 0 1 1 0 0 1 2
0 8 16 1 1 4 0 1 1 1 1 1 1 3
1 9 0 2 2 5 2 0 1 0 0 2 0 4
0 10 1 2 1 0 1 1 0 1 1 3 1 0
0 11 2 2 0 1 4 0 1 0 0 4 0 1
1 12 3 2 2 2 1 1 0 1 1 5 1 3
0 0 4 2 0 3 0 0 0 1 0 6 1 2
1 1 5 2 1 4 5 1 1 0 1 7 1 0
0 2 6 2 0 5 3 0 0 0 0 8 1 0
0 3 7 2 1 0 5 1 1 0 0 9 0 1
1 4 8 2 2 1 0 1 1 0 1 10 1 2
0 5 9 2 2 2 4 1 0 0 0 0 0 3
0 6 10 2 0 3 1 0 0 0 1 1 0 4
0 7 11 2 1 4 1 0 1 0 1 2 1 3
1 8 12 2 0 5 5 1 0 0 0 3 1 4
0 9 13 2 1 0 3 0 0 1 1 4 1 0
1 10 14 2 0 1 4 0 1 0 1 5 0 1
1 11 15 2 2 2 2 1 1 1 1 6 1 0
0 12 16 2 2 3 3 1 0 0 1 7 1 1
1 0 0 3 0 4 4 1 1 0 1 8 0 1
0 1 1 3 2 5 3 0 0 1 0 9 1 2
1 2 2 3 1 0 4 1 0 1 0 10 0 4
1 3 3 3 0 1 2 0 1 1 1 0 0 0
0 4 4 3 1 2 5 0 0 0 0 1 1 3
1 5 5 3 2 3 0 0 1 0 1 2 1 4
1 6 6 3 2 4 2 1 1 1 1 3 1 2
0 7 7 3 0 5 1 0 0 0 0 4 1 3
0 8 8 3 1 0 3 0 0 1 0 5 1 2
1 9 9 3 1 1 0 1 1 0 0 6 1 3
0 10 10 3 2 2 2 1 1 0 1 7 0 4
1 11 11 3 1 3 0 1 0 1 1 8 1 2
1 12 12 3 1 4 4 0 0 0 1 9 0 0
1 0 13 3 2 5 1 1 1 0 1 10 1 3
0 1 14 3 1 0 0 0 0 1 0 0 1 3
1 2 15 3 1 1 3 1 1 1 1 1 0 3
0 3 16 3 2 2 4 1 0 0 0 2 0 2
1 4 0 4 0 3 5 1 1 0 1 3 0 1
0 5 1 4 2 4 0 0 0 1 0 4 1 4
0 6 2 4 2 5 1 0 1 0 1 5 0 2
1 7 3 4 1 0 3 1 1 1 0 6 0 4
0 8 4 4 0 1 4 1 1 1 0 7 0 0
0 9 5 4 2 2 2 0 1 0 1 8 1 3
0 10 6 4 0 3 1 1 0 1 1 9 0 3
0 11 7 4 2 4 2 0 1 1 1 10 1 0
1 12 8 4 2 5 5 0 0 1 1 0 0 1
0 0 9 4 1 0 1 1 0 1 0 1 0 0
0 1 10 4 2 1 5 1 1 0 0 2 0 2
1 2 11 4 2 2 5 1 1 1 1 3 1 0
0 3 12 4 2 3 2 1 0 0 1 4 0 1
1 4 13 4 1 4 3 0 1 0 0 5 1 2
0 5 14 4 2 5 5 0 0 0 1 6 0 4
1 6 15 4 0 0 4 0 0 1 0 7 1 1
1 7 16 4 2 1 2 1 1 1 0 8 1 4
1 8 0 5 0 2 0 1 1 0 1 9 0 0
0 9 1 5 0 3 4 0 0 1 0 10 1 1
0 10 2 5 1 4 3 0 1 1 1 0 1 2
0 11 3 5 2 5 1 1 0 0 1 1 1 4
1 12 4 5 0 0 2 0 1 1 1 2 0 1
0 0 5 5 0 1 3 0 1 1 0 3 0 3
0 1 6 5 2 2 0 1 1 0 1 4 1 4
1 2 7 5 1 3 4 0 0 1 0 5 0 0
1 3 8 5 0 4 1 0 1 1 0 6 1 4
1 4 9 5 1 5 5 0 0 1 0 7 1 1
0 5 10 5 2 0 1 1 0 0 0 8 0 0
0 6 11 5 2 1 3 0 0 1 0 9 0 3
0 7 12 5 2 2 0 1 1 1 1 10 1 2
1 8 13 5 1 3 5 1 0 0 0 0 1 1
1 9 14 5 0 4 2 0 1 1 0 1 1 2
1 10 15 5 1 5 0 0 0 1 0 2 1 4
0 11 16 5 2 0 3 1 0 0 1 3 0 3
1 12 0 6 0 1 4 1 1 0 1 4 0 3
0 0 1 6 1 2 2 0 0 1 0 5 1 4
1 1 2 6 2 3 5 1 1 0 1 6 0 0
0 2 3 6 0 4 0 1 0 1 1 7 1 2
1 3 4 6 0 5 3 0 0 1 0 8 0 1
0 4 5 6 2 0 1 0 0 1 1 9 0 1
1 5 6 6 0 5 4 1 1 1 0 10 0 1
1 6 7 6 0 4 5 1 1 0 0 0 0 2
0 7 8 6 1 1 2 1 0 1 0 1 0 1
1 8 9 6 1 1 1 1 1 0 0 2 1 4
0 9 10 6 0 5 4 1 1 1 0 3 0 3
0 10 11 6 1 3 4 1 1 1 1 4 1 1
1 11 12 6 2 0 4 1 1 1 0 5 0 1
1 12 13 6 2 0 0 1 1 1 1 6 1 0
1 0 14 6 2 2 1 0 0 1 1 7 1 1
0 1 15 6 2 1 1 1 1 0 1 8 1 0
1 2 16 6 0 0 5 1 0 0 0 9 0 2
1 3 0 7 0 1 0 1 1 0 1 10 0 3
0 4 1 7 1 2 2 0 0 1 0 0 1 0
0 5 2 7 2 3 3 0 1 0 0 1 0 2
0 6 3 7 0 4 5 0 1 0 0 2 0 4
1 7 4 7 1 5 4 0 1 1 1 3 0 1
0 8 5 7 1 0 1 1 1 1 0 4 0 0
1 9 6 7 2 5 5 0 1 0 0 5 0 2
1 10 7 7 2 3 4 0 0 0 1 6 1 2
1 11 8 7 0 1 4 0 0 0 0 7 0 3
0 12 9 7 0 3 3 1 0 1 1 8 1 4
1 0 10 7 1 3 2 0 0 1 0 9 0 3
0 1 11 7 0 2 4 1 0 1 1 10 0 0
1 2 12 7 0 0 5 1 0 1 1 0 0 0
0 3 13 7 2 3 4 1 0 0 0 1 0 4
0 4 14 7 2 3 0 1 0 1 0 2 1 2
0 5 15 7 2 2 0 1 1 0 0 3 1 3
1 6 16 7 1 1 2 0 0 0 0 4 1 0
1 7 0 8 0 1 0 1 1 0 1 5 0 3
0 8 1 8 1 2 2 0 0 1 0 6 1 0
1 9 2 8 2 3 3 0 0 0 0 7 0 2
1 10 3 8 2 4 4 1 1 0 1 8 1 4
1 11 4 8 2 5 5 1 1 0 0 9 0 1
0 12 5 8 0 0 1 0 0 1 1 10 0 3
1 0 6 8 2 2 3 1 0 0 0 0 0 1
0 1 7 8 0 3 4 1 1 0 1 1 1 2
0 2 8 8 1 5 4 1 0 0 1 2 1 3
0 3 9 8 0 2 5 1 1 0 0 3 0 1
0 4 10 8 0 3 0 1 1 0 0 4 1 1
0 5 11 8 0 5 0 1 0 0 1 5 0 2
0 6 12 8 2 5 0 1 1 0 0 6 0 1
1 7 13 8 2 5 2 1 1 0 1 7 1 3
0 8 14 8 2 3 4 0 0 0 0 8 0 3
1 9 15 8 2 0 2 0 1 0 1 9 0 4
0 10 16 8 2 5 1 0 0 0 1 10 1 1
1 11 0 9 0 1 2 1 1 0 1 0 0 3
0 12 1 9 1 2 0 0 0 1 0 1 1 0
1 0 2 9 2 3 2 1 0 0 1 2 0 2
1 1 3 9 2 4 3 0 1 1 1 3 1 4
0 2 4 9 1 5 4 1 0 1 1 4 1 1
1 3 5 9 2 0 5 1 0 1 0 5 0 0
0 4 6 9 2 2 1 1 0 0 1 6 1 1
1 5 7 9 2 5 0 1 1 1 0 7 1 1
1 6 8 9 1 5 0 0 0 1 0 8 1 2
1 7 9 9 2 5 1 1 0 1 1 9 0 2
1 8 10 9 2 3 1 0 1 0 1 10 1 1
0 9 11 9 0 2 0 1 1 0 1 0 1 3
1 10 12 9 1 1 0 1 0 1 1 1 1 4
1 11 13 9 2 2 5 1 1 0 0 2 0 0
1 12 14 9 1 2 0 0 0 1 0 3 0 3
1 0 15 9 2 3 4 0 0 0 1 4 0 3
0 1 16 9 1 2 1 0 0 1 1 5 1 3
1 2 0 10 0 1 0 1 1 0 1 6 0 3
0 3 1 10 1 2 2 0 0 1 0 7 1 0
1 4 2 10 2 3 3 1 0 1 1 8 0 2
0 5 3 10 1 4 4 1 0 1 1 9 1 4
1 6 4 10 2 5 5 1 0 0 1 10 0 1
1 7 5 10 0 0 1 0 0 1 0 0 0 4
0 8 6 10 0 0 4 0 1 0 0 1 1 1
0 9 7 10 1 4 0 0 0 0 0 2 1 1
0 10 8 10 0 3 5 1 1 0 0 3 1 2
1 11 9 10 0 1 1 1 1 0 1 4 1 2
1 12 10 10 0 3 5 0 0 1 0 5 0 2
0 0 11 10 0 4 5 0 0 1 1 6 0 1
1 1 12 10 2 1 3 1 0 0 0 7 0 2
1 2 13 10 0 0 3 0 0 0 0 8 1 3
1 3 14 10 2 2 4 1 1 1 0 9 0 4
0 4 15 10 2 3 3 1 1 1 0 10 1 1
0 5 16 10 0 3 4 0 0 0 0 0 1 3
1 6 0 11 0 1 0 1 1 0 1 1 0 3
0 7 1 11 1 2 2 0 0 1 0 2 1 0
1 8 2 11 2 3 3 0 0 0 1 3 0 2
0 9 3 11 1 4 4 0 1 1 0 4 0 4
1 10 4 11 1 5 5 1 0 0 1 5 0 1
0 11 5 11 2 0 1 0 0 1 1 6 1 4
1 12 6 11 2 4 5 1 1 0 1 7 1 0
0 0 7 11 0 4 5 0 1 0 1 8 0 3
1 1 8 11 0 0 0 0 0 0 1 9 0 0
1 2 9 11 2 2 3 0 1 1 0 10 0 0
1 3 10 11 0 1 0 1 0 1 0 0 0 4
0 4 11 11 1 4 4 0 0 1 0 3 0 2
0 5 12 11 0 5 0 1 1 1 1 2 0 1
0 6 13 11 1 0 4 0 1 0 1 6 1 4
0 7 14 11 0 5 1 1 1 0 1 0 1 4
0 8 15 11 0 4 4 1 0 0 0 5 0 2
0 9 16 11 0 4 0 0 1 0 1 1 1 2
1 10 0 12 0 1 0 1 1 0 1 1 0 3
0 11 1 12 1 2 2 0 0 1 0 2 1 0
0 12 2 12 2 3 3 1 0 1 1 3 0 2
0 0 3 12 0 4 4 0 0 0 0 4 1 4
1 1 4 12 1 5 5 1 1 1 0 5 0 1
1 2 5 12 0 0 1 0 0 0 1 6 1 3
0 3 6 12 2 3 5 1 1 0 0 7 0 0
0 4 7 12 0 0 5 0 1 0 0 8 1 3
0 5 8 12 2 5 4 1 0 0 1 9 0 0
1 6 9 12 2 5 3 0 1 0 0 10 0 0
1 7 10 12 0 2 3 1 0 0 1 0 1 4
1 8 11 12 1 1 5 0 0 0 1 8 1 0
1 9 12 12 1 2 1 1 0 0 1 7 1 0
1 10 13 12 2 5 3 1 0 0 1 10 0 4
1 11 14 12 0 0 5 0 0 0 0 1 1 3
0 12 15 12 0 2 2 1 1 1 0 8 0 4
1 0 16 12 0 2 1 0 0 0 0 1 0 1
1 1 0 13 0 1 0 1 1 0 1 1 0 3
0 2 1 13 1 2 2 0 0 1 0 2 1 0
1 3 2 13 2 3 3 0 0 0 0 3 0 2
0 4 3 13 2 4 4 0 1 1 1 4 1 4
0 5 4 13 1 5 5 0 1 0 0 5 0 1
1 6 5 13 0 0 1 1 1 1 0 6 0 1
0 7 6 13 1 1 4 1 0 1 1 7 1 3
1 8 7 13 0 2 5 1 0 1 0 8 0 4
1 9 8 13 0 3 3 0 1 1 1 9 0 4
0 10 9 13 1 2 3 0 0 0 1 10 0 1
1 11 10 13 0 1 1 0 0 1 1 0 0 1
1 12 11 13 0 0 4 1 0 0 0 0 0 2
1 0 12 13 0 3 3 1 1 1 0 9 0 3
0 5 13 13 2 4 3 1 1 1 0 3 0 0
1 4 14 13 2 2 1 0 1 0 1 3 1 3
1 10 15 13 1 2 0 0 0 1 1 2 1 4
1 11 16 13 2 0 5 1 0 0 0 6 0 3
1 1 0 14 0 1 0 1 1 0 1 1 0 3
0 2 1 14 1 2 2 0 0 1 0 2 1 0
1 3 2 14 2 3 3 1 1 1 1 3 1 2
1 4 3 14 0 4 4 1 1 1 0 4 0 4
1 5 4 14 2 5 5 0 1 0 1 5 1 1
1 6 5 14 1 0 1 1 1 0 0 6 0 0
0 7 6 14 0 3 2 0 1 1 0 7 1 4
0 8 7 14 1 4 3 1 0 0 1 8 1 1
0 9 8 14 0 3 3 0 0 1 0 9 1 3
1 10 9 14 2 4 1 1 1 0 1 10 0 4
0 11 10 14 2 0 5 1 1 1 0 0 1 1
1 12 11 14 1 5 5 0 1 1 1 0 0 3
0 0 12 14 1 5 4 0 0 1 0 9 1 1
0 1 13 14 2 1 2 1 0 1 1 1 1 0
1 11 14 14 1 5 1 0 0 1 1 7 0 1
0 10 15 14 2 0 2 1 1 0 0 0 0 4
1 3 16 14 2 2 1 0 1 1 1 6 0 3
1 1 0 15 0 1 0 1 1 0 1 1 0 3
0 2 1 15 1 2 2 0 0 1 0 2 1 0
0 3 2 15 2 3 3 0 1 1 1 3 1 2
0 4 3 15 2 4 4 0 0 1 1 4 1 4
0 5 4 15 1 5 5 1 0 1 0 5 1 1
1 6 5 15 2 0 1 0 1 1 0 6 0 4
0 7 6 15 1 4 2 1 0 1 1 7 1 1
0 8 7 15 1 4 0 1 1 0 0 8 0 1
0 9 8 15 2 3 2 0 1 0 0 9 0 0
0 10 9 15 2 1 0 0 0 1 0 10 0 2
0 11 10 15 0 2 1 1 1 0 1 0 1 3
0 12 11 15 1 4 1 1 1 0 1 10 0 2
0 0 12 15 2 4 2 0 1 0 0 0 1 2
1 1 13 15 1 0 3 0 0 0 0 10 1 3
0 9 14 15 2 3 5 0 0 1 0 6 0 1
1 2 15 15 0 4 2 1 0 1 0 8 0 1
1 0 16 15 0 4 1 1 1 1 1 2 0 3
1 1 0 16 0 1 0 1 1 0 1 1 0 3
0 2 1 16 1 2 2 0 0 1 0 2 1 0
0 3 2 16 2 3 3 1 0 1 1 3 0 2
0 4 3 16 2 4 4 0 0 1 1 4 1 4
0 5 4 16 2 5 5 1 1 1 0 5 0 1
0 6 5 16 1 0 1 0 1 0 0 6 0 4
0 7 6 16 2 2 4 1 0 1 0 7 0 2
1 8 7 16 2 0 3 1 0 0 1 8 0 1
0 9 8 16 2 4 4 1 1 1 1 9 1 4
1 10 9 16 2 0 1 1 1 1 0 10 1 4
0 11 10 16 0 5 2 1 1 1 1 0 0 4
0 12 11 16 1 5 3 1 1 0 0 0 0 2
0 0 12 16 2 2 2 0 1 1 0 10 1 4
0 6 13 16 0 1 0 0 1 1 0 4 1 0
0 5 14 16 1 5 0 1 0 0 1 9 0 2
1 1 15 16 2 5 5 1 1 1 1 7 1 2
0 7 16 16 2 2 2 0 0 1 1 1 0 2
1 1 0 17 0 1 0 1 1 0 1 1 0 3
0 2 1 17 1 2 2 0 0 1 0 2 1 0
0 3 2 17 2 3 3 0 1 0 0 3 0 2
0 4 3 17 2 4 4 0 0 1 1 4 0 4
1 5 4 17 2 5 5 1 1 1 0 5 1 1
1 6 5 17 0 0 1 1 0 1 1 6 0 0
0 7 6 17 2 5 2 1 1 1 1 7 0 1
0 8 7 17 0 1 0 1 0 1 1 8 0 1
0 9 8 17 0 1 2 0 0 0 0 9 1 3
0 10 9 17 1 1 0 0 0 0 1 10 1 0
1 11 10 17 0 4 2 0 0 1 1 0 1 4
1 12 11 17 1 5 4 0 1 0 0 4 1 1
1 0 12 17 0 2 5 1 1 0 0 8 0 3
0 8 13 17 1 0 3 0 0 0 1 0 0 0
0 0 14 17 0 3 0 0 1 1 1 0 0 4
1 10 15 17 0 1 0 1 1 1 0 7 0 0
1 10 16 17 0 0 5 0 1 0 0 5 0 1
1 1 0 18 0 1 0 1 1 0 1 1 0 3
0 2 1 18 1 2 2 0 0 1 0 2 1 0
0 3 2 18 2 3 3 1 0 0 0 3 0 2
0 4 3 18 2 4 4 1 0 0 1 4 1 4
1 5 4 18 2 5 5 0 1 0 1 5 0 1
1 6 5 18 1 0 1 0 1 1 0 6 1 1
1 7 6 18 2 2 2 0 1 0 0 7 0 3
1 8 7 18 1 0 4 1 0 1 1 8 0 4
1 9 8 18 0 2 5 1 0 0 1 9 1 3
1 10 9 18 1 5 3 0 1 1 0 10 0 3
1 11 10 18 0 1 3 0 1 0 0 0 1 0
1 12 11 18 2 4 0 0 0 0 0 0 0 3
0 0 12 18 2 4 0 1 0 0 0 7 0 4
1 7 13 18 0 1 0 0 0 0 0 3 0 0
0 1 14 18 1 4 0 0 1 0 0 6 1 4
0 9 15 18 2 3 4 1 0 0 1 9 0 4
1 4 16 18 1 3 1 0 1 0 1 7 0 4
1 1 0 19 0 1 0 1 1 0 1 1 0 3
0 2 1 19 1 2 2 0 0 1 0 2 1 0
1 3 2 19 2 3 3 1 1 1 1 3 1 2
1 4 3 19 1 4 4 1 1 0 1 4 0 4
1 5 4 19 0 5 5 0 0 1 1 5 0 1
0 6 5 19 1 0 1 0 0 1 1 6 1 4
0 7 6 19 0 3 5 1 0 1 1 7 0 3
0 8 7 19 1 5 4 1 1 0 0 8 0 1
1 9 8 19 1 1 4 1 0 0 0 9 0 4
0 10 9 19 1 5 1 0 0 1 0 10 1 3
0 11 10 19 0 5 1 0 1 1 1 0 0 1
1 12 11 19 0 3 2 1 1 0 0 0 0 2
1 0 12 19 1 2 4 0 1 1 0 8 1 2
1 10 13 19 1 2 2 1 1 1 1 10 0 3
0 12 14 19 2 3 5 1 1 1 1 4 1 2
1 5 15 19 2 0 0 0 0 0 0 7 0 4
0 11 16 19 0 4 4 1 1 0 0 7 1 1
1 1 0 20 0 1 0 1 1 0 1 1 0 3
0 2 1 20 1 2 2 0 0 1 0 2 1 0
0 3 2 20 2 3 3 0 1 0 1 3 0 2
1 4 3 20 0 4 4 0 1 1 1 4 0 4
0 5 4 20 1 5 5 0 1 1 1 5 1 1
0 6 5 20 2 0 1 0 1 1 0 6 1 2
1 7 6 20 2 5 4 1 0 0 1 7 1 4
0 8 7 20 2 3 2 0 1 1 1 8 1 1
1 9 8 20 2 1 1 1 0 1 0 9 0 0
1 10 9 20 2 0 1 0 0 0 1 10 0 4
0 11 10 20 1 3 2 1 1 0 1 0 0 0
1 12 11 20 0 2 0 1 1 1 1 10 1 0
1 0 12 20 1 5 0 0 1 1 1 3 0 2
0 4 13 20 1 4 1 1 1 0 0 8 0 0
0 1 14 20 1 3 1 0 0 0 0 10 0 3
0 0 15 20 0 0 0 0 0 0 1 6 1 4
0 1 16 20 1 1 5 1 0 0 1 1 1 0
1 1 0 21 0 1 0 1 1 0 1 1 0 3
0 2 1 21 1 2 2 0 0 1 0 2 1 0
0 3 2 21 2 3 3 1 1 0 1 3 0 2
1 4 3 21 1 4 4 1 0 1 0 4 0 4
1 5 4 21 0 5 5 0 1 0 0 5 0 1
1 6 5 21 1 0 1 1 1 0 1 6 0 2
1 7 6 21 2 5 3 1 1 1 1 7 1 0
0 8 7 21 0 0 1 0 0 1 1 8 1 4
1 9 8 21 2 2 1 0 0 1 0 9 1 2
0 10 9 21 1 2 4 1 0 0 0 10 1 3
1 11 10 21 1 4 1 1 1 0 1 0 0 1
0 12 11 21 0 1 4 0 1 1 1 5 0 4
1 0 12 21 1 3 1 1 0 0 1 3 0 0
0 9 13 21 0 0 5 0 1 0 1 10 0 0
1 12 14 21 2 1 1 0 1 1 1 0 0 1
1 3 15 21 0 4 5 0 1 1 0 9 1 0
1 10 16 21 0 2 3 1 0 1 1 8 1 0
1 1 0 22 0 1 0 1 1 0 1 1 0 3
0 2 1 22 1 2 2 0 0 1 0 2 1 0
0 3 2 22 2 3 3 0 0 1 1 3 0 2
0 4 3 22 0 4 4 1 0 1 1 4 1 4
1 5 4 22 2 5 5 1 0 0 1 5 1 1
1 6 5 22 0 0 1 1 0 0 1 6 0 0
1 7 6 22 2 2 0 0 0 0 1 7 0 0
1 8 7 22 1 0 4 1 0 1 1 8 0 2
0 9 8 22 0 5 4 1 1 1 1 9 1 2
0 10 9 22 2 2 0 0 1 1 1 10 0 3
0 11 10 22 2 4 2 0 0 0 0 0 0 0
0 12 11 22 0 0 3 1 0 1 0 8 0 4
0 0 12 22 2 4 5 1 1 0 1 3 1 2
1 4 13 22 1 1 4 1 0 0 1 2 1 1
1 8 14 22 2 3 0 1 0 1 0 10 0 2
1 8 15 22 1 3 2 0 0 0 1 2 1 3
0 7 16 22 0 0 3 0 0 0 0 7 1 0
1 1 0 23 0 1 0 1 1 0 1 1 0 3
0 2 1 23 1 2 2 0 0 1 0 2 1 0
1 3 2 23 2 3 3 0 1 1 0 3 0 2
1 4 3 23 2 4 4 1 0 0 1 4 0 4
0 5 4 23 2 5 5 0 1 0 0 5 1 1
0 6 5 23 0 0 1 0 0 1 1 6 1 3
0 7 6 23 0 2 3 1 1 0 0 7 1 4
1 8 7 23 0 5 4 1 1 1 1 8 1 1
1 9 8 23 2 2 1 0 0 1 1 9 1 3
1 10 9 23 2 2 5 1 1 1 0 10 0 2
0 11 10 23 1 1 4 1 0 0 0 0 0 2
0 12 11 23 1 0 2 0 0 1 0 1 1 3
1 0 12 23 2 0 2 1 0 0 1 3 0 4
0 12 13 23 0 0 5 0 0 1 1 3 0 4
1 4 14 23 2 3 2 0 0 0 1 2 0 1
0 12 15 23 0 5 0 1 0 1 1 7 1 4
0 10 16 23 0 2 0 1 0 0 0 3 0 1
1 1 0 24 0 1 0 1 1 0 1 1 0 3
0 2 1 24 1 2 2 0 0 1 0 2 1 0
0 3 2 24 2 3 3 1 0 1 1 3 1 2
0 4 3 24 0 4 4 0 1 0 1 4 1 4
1 5 4 24 2 5 5 1 1 1 0 5 1 1
1 6 5 24 0 0 1 1 1 1 0 6 0 0
0 7 6 24 0 5 1 1 1 0 0 7 0 3
1 8 7 24 1 4 3 1 0 0 1 8 1 2
1 9 8 24 1 5 2 1 0 1 1 9 0 0
1 10 9 24 2 3 5 1 0 0 0 10 0 3
0 11 10 24 1 5 0 1 1 0 0 0 0 4
1 12 11 24 1 3 2 1 0 1 0 5 1 4
0 0 12 24 2 2 3 1 1 1 1 10 1 0
0 7 13 24 2 2 5 0 0 0 0 8 1 1
0 1 14 24 1 3 5 0 1 0 0 1 0 2
0 9 15 24 2 3 0 0 1 1 0 1 1 4
1 9 16 24 0 1 4 1 1 1 1 8 0 3
1 1 0 25 0 1 0 1 1 0 1 1 0 3
0 2 1 25 1 2 2 0 0 1 0 2 1 0
0 3 2 25 2 3 3 0 1 1 1 3 0 2
0 4 3 25 0 4 4 0 1 1 0 4 1 4
0 5 4 25 1 5 5 0 0 0 1 5 0 1
0 6 5 25 1 0 1 1 0 0 1 6 0 2
0 7 6 25 0 1 0 0 1 1 1 7 0 0
0 8 7 25 2 2 1 0 1 0 1 8 0 4
1 9 8 25 1 5 5 0 0 1 0 9 1 4
0 10 9 25 2 3 0 1 1 1 0 10 1 4
0 11 10 25 0 4 5 1 0 1 1 0 0 3
0 12 11 25 1 5 0 1 0 0 1 0 0 4
0 0 12 25 0 1 4 1 1 1 0 8 1 1
1 5 13 25 0 3 4 0 0 1 0 0 1 0
1 5 14 25 1 1 0 0 1 1 1 8 0 2
1 11 15 25 0 3 0 0 1 1 0 7 0 3
0 12 16 25 0 4 0 1 0 0 0 1 1 4
1 1 0 26 0 1 0 1 1 0 1 1 0 3
0 2 1 26 1 2 2 0 0 1 0 2 1 0
0 3 2 26 2 3 3 0 1 1 0 3 0 2
1 4 3 26 2 4 4 1 0 1 0 4 0 4
0 5 4 26 2 5 5 1 0 1 1 5 0 1
0 6 5 26 1 0 1 0 0 0 1 6 0 2
1 7 6 26 0 0 2 1 0 0 0 7 1 1
1 8 7 26 2 1 3 1 0 0 1 8 1 2
1 9 8 26 2 1 3 0 1 1 1 9 0 2
1 10 9 26 2 0 2 0 1 1 1 10 0 3
0 11 10 26 2 3 4 1 1 0 0 0 0 3
1 12 11 26 2 3 1 1 0 1 1 3 1 0
0 0 12 26 1 4 2 1 0 0 1 5 1 4
0 2 13 26 1 4 3 0 1 1 1 5 0 2
1 6 14 26 2 4 3 0 1 0 1 0 1 4
1 1 15 26 0 3 3 0 1 0 0 5 0 2
1 2 16 26 0 1 3 0 1 1 1 0 1 3
1 1 0 27 0 1 0 1 1 0 1 1 0 3
0 2 1 27 1 2 2 0 0 1 0 2 1 0
1 3 2 27 2 3 3 1 0 1 0 3 1 2
0 4 3 27 1 4 4 1 0 0 0 4 0 4
0 5 4 27 1 5 5 1 0 1 0 5 0 1
0 6 5 27 0 0 1 0 0 1 0 6 1 2
1 7 6 27 1 4 0 0 0 0 1 7 1 0
0 8 7 27 2 5 3 1 1 1 0 8 1 3
1 9 8 27 1 1 5 1 0 1 0 9 0 4
0 10 9 27 2 1 5 1 0 1 0 10 0 2
1 11 10 27 2 1 3 1 1 1 0 0 0 3
1 12 11 27 1 2 2 0 1 0 0 9 1 2
1 0 12 27 0 4 0 0 0 0 1 7 1 3
0 12 13 27 2 3 0 0 0 0 1 3 0 3
1 2 14 27 1 2 4 0 0 1 0 2 0 3
1 2 15 27 0 0 3 1 1 1 1 10 0 4
1 7 16 27 0 2 1 1 0 0 0 4 1 0
1 1 0 28 0 1 0 1 1 0 1 1 0 3
0 2 1 28 1 2 2 0 0 1 0 2 1 0
0 3 2 28 2 3 3 1 1 0 0 3 1 2
0 4 3 28 0 4 4 0 1 1 1 4 1 4
1 5 4 28 2 5 5 0 1 1 0 5 1 1
0 6 5 28 2 0 1 1 1 0 1 6 0 3
1 7 6 28 0 5 2 1 1 1 0 7 1 0
1 8 7 28 2 2 0 1 1 0 1 8 1 2
0 9 8 28 2 3 1 1 1 1 0 9 1 4
0 10 9 28 2 1 3 1 1 0 1 10 1 0
0 11 10 28 0 4 0 0 0 0 1 0 0 4
0 12 11 28 1 3 4 1 0 1 0 10 0 0
0 0 12 28 1 3 0 1 0 0 0 10 1 2
1 7 13 28 2 5 0 0 1 1 1 10 0 4
1 4 14 28 2 0 2 0 1 1 0 10 1 2
1 7 15 28 0 1 4 1 0 1 0 0 1 4
1 5 16 28 1 4 1 1 0 1 1 3 1 0
1 1 0 29 0 1 0 1 1 0 1 1 0 3
0 2 1 29 1 2 2 0 0 1 0 2 1 0
0 3 2 29 2 3 3 0 1 0 1 3 0 2
0 4 3 29 2 4 4 0 1 0 1 4 1 4
0 5 4 29 1 5 5 1 0 0 1 5 1 1
0 6 5 29 1 0 1 1 0 1 1 6 1 2
1 7 6 29 1 3 1 1 1 1 0 7 1 4
1 8 7 29 2 2 4 1 1 0 1 8 0 1
1 9 8 29 2 3 2 0 1 1 0 9 1 0
1 10 9 29 1 2 3 1 1 1 0 10 0 1
0 11 10 29 2 0 5 0 1 0 0 0 0 4
1 12 11 29 2 5 4 0 1 0 1 0 0 1
0 0 12 29 1 0 5 0 0 0 1 2 0 0
1 2 13 29 0 1 3 1 0 1 1 9 1 2
1 2 14 29 2 3 0 1 1 0 0 10 0 0
0 12 15 29 0 4 2 1 0 0 0 0 0 0
1 7 16 29 2 4 1 1 0 0 0 10 0 3
1 1 0 30 0 1 0 1 1 0 1 1 0 3
0 2 1 30 1 2 2 0 0 1 0 2 1 0
1 3 2 30 2 3 3 0 1 0 0 3 0 2
1 4 3 30 0 4 4 1 0 1 1 4 1 4
1 5 4 30 0 5 5 1 0 1 1 5 0 1
1 6 5 30 1 0 1 1 1 0 1 6 0 4
0 7 6 30 2 0 5 1 1 1 1 7 1 3
0 8 7 30 2 0 3 1 1 1 1 8 0 1
1 9 8 30 0 4 5 1 1 1 1 9 1 0
1 10 9 30 0 5 1 1 1 1 0 10 0 1
1 11 10 30 1 4 1 0 1 1 0 0 1 0
1 12 11 30 0 3 2 0 1 0 0 3 1 2
1 0 12 30 2 5 2 1 1 1 0 2 0 4
1 5 13 30 2 2 0 1 0 0 1 8 0 0
0 7 14 30 0 5 1 0 0 0 1 9 1 2
0 6 15 30 2 0 3 1 1 1 1 7 1 1
1 0 16 30 2 4 0 0 1 0 1 4 0 1

