MFT generation 298 -> 138, 32 ms

System Name: ProcessorComm2.model
Parameters: 25, Constraints: 298, Tests: 897, Covered: 1144049
1688ms, validity verified: true

Test Set:
0 1 1 1 0 0 0 0 1 0 0 0 0 2 0 0 0 0 2 3 2 1 2 2 0
0 0 1 0 1 0 0 0 0 0 0 0 2 1 2 0 1 1 0 0 1 0 2 0 2
0 0 0 1 0 0 2 2 0 1 2 2 2 2 0 2 0 1 3 3 0 2 2 3 1
0 1 1 0 0 0 0 0 2 0 2 0 1 2 0 1 0 2 1 2 0 3 1 3 0
0 1 2 0 0 0 1 3 2 1 2 3 2 0 0 2 0 2 2 2 2 2 2 1 1
0 1 2 1 1 0 3 3 2 1 0 1 1 2 0 0 1 2 1 3 0 2 2 2 0
0 0 2 1 1 0 0 0 2 0 1 0 2 1 1 1 1 3 3 1 2 1 1 1 0
0 0 2 1 0 0 2 2 0 2 2 1 0 2 0 1 0 3 3 3 1 3 1 2 2
0 1 2 0 1 0 0 0 1 0 1 0 1 0 2 2 1 4 2 1 0 2 2 2 0
0 0 2 2 0 0 2 2 2 1 1 2 2 1 0 0 0 4 3 3 2 1 2 3 0
0 1 0 1 0 0 3 3 0 1 0 3 0 0 2 0 0 4 0 0 1 0 1 0 1
0 1 0 0 0 1 0 0 1 0 2 0 0 2 1 0 0 0 3 2 1 2 2 2 1
0 0 1 2 0 1 2 2 1 1 2 2 1 2 2 1 0 0 3 3 0 2 1 3 0
0 1 2 2 0 1 3 3 1 1 0 3 2 0 2 2 0 0 2 1 1 1 2 1 1
0 0 2 1 1 1 0 0 0 0 2 0 0 1 0 2 1 1 1 1 1 1 0 3 0
0 1 2 0 0 1 3 1 2 3 0 3 0 2 0 0 0 1 0 0 2 0 2 0 0
0 0 1 1 1 1 0 0 1 0 0 0 2 1 1 2 1 2 0 0 0 0 1 0 1
0 1 2 0 0 1 1 1 2 3 2 1 2 0 1 1 0 2 1 1 0 1 1 1 1
0 0 1 1 0 1 2 2 0 1 1 2 2 1 1 0 0 2 3 3 1 1 1 3 1
0 0 1 1 0 1 2 1 2 2 2 1 0 2 2 0 0 3 3 2 2 3 2 1 1
0 1 1 0 0 1 3 3 2 3 0 1 1 2 0 1 0 3 2 2 1 3 2 2 2
0 0 2 2 0 1 0 0 1 0 1 0 2 2 1 1 0 4 1 3 2 3 2 2 2
0 0 2 1 1 1 1 2 1 2 2 1 0 1 0 2 1 4 1 3 0 3 2 1 0
0 1 0 0 0 1 3 3 2 3 2 3 1 2 0 2 0 4 1 3 0 1 1 3 1
0 1 0 1 1 2 0 0 2 0 0 0 1 2 2 1 1 0 2 2 2 1 0 3 0
0 1 1 2 1 2 1 1 0 1 1 3 2 0 0 0 1 0 1 2 0 2 1 2 2
0 0 2 0 1 2 2 2 2 2 2 2 0 2 2 2 1 0 3 3 1 3 2 3 2
0 0 1 1 0 2 1 2 0 2 2 1 2 2 2 1 0 1 2 3 2 3 2 1 0
0 0 0 0 0 2 2 1 1 1 0 1 0 1 1 0 0 1 3 1 2 1 1 1 1
0 1 0 2 0 2 3 3 2 1 2 3 2 2 1 2 0 1 3 2 2 3 0 2 0
0 0 1 0 0 2 0 0 0 0 2 0 0 2 0 0 0 2 0 0 2 0 0 0 0
0 1 2 1 0 2 3 3 1 3 0 3 1 0 2 1 0 2 0 0 1 0 2 0 2
0 1 1 0 0 2 0 0 1 0 0 0 1 2 2 0 0 3 1 3 0 2 0 1 1
0 1 1 2 0 2 1 3 0 3 0 3 0 0 1 2 0 3 0 0 0 0 2 0 2
0 1 2 1 0 2 3 1 0 1 1 1 1 2 0 1 0 3 1 1 1 1 2 3 1
0 1 1 1 1 2 0 0 0 0 0 0 0 2 0 0 1 4 3 1 1 3 1 2 1
0 0 0 2 0 2 1 2 2 1 1 2 0 2 1 0 0 4 2 3 0 2 2 3 2
0 0 0 2 0 2 2 1 2 2 2 1 1 1 0 1 0 4 3 1 1 3 0 1 2
0 1 2 1 0 3 1 1 2 3 0 3 2 2 0 2 0 0 3 3 2 1 0 2 0
0 0 1 1 0 3 2 2 2 2 1 1 2 1 0 0 0 0 3 3 0 3 0 1 1
0 1 2 0 0 3 3 3 0 1 2 1 2 2 2 0 0 0 3 2 2 2 1 3 2
0 1 2 0 1 3 0 0 1 0 1 0 1 2 1 0 1 1 2 2 1 3 0 2 0
0 0 1 0 0 3 1 1 1 2 0 2 0 2 1 0 0 1 1 2 0 3 0 3 0
0 0 1 2 1 3 2 2 0 1 2 1 1 2 1 1 1 1 3 3 2 1 1 2 2
0 0 0 1 1 3 0 0 0 0 2 0 0 1 2 2 1 2 3 3 0 1 2 1 2
0 0 2 1 0 3 2 1 2 1 0 2 1 1 2 0 0 2 3 1 2 3 2 3 1
0 1 0 2 1 3 3 1 0 3 0 3 0 2 0 1 1 2 2 2 1 1 1 3 0
0 1 1 0 0 3 0 0 1 0 1 0 2 0 1 0 0 3 0 0 1 0 1 0 0
0 1 2 1 1 3 1 3 2 3 0 1 1 2 2 2 1 3 0 0 1 0 1 0 1
0 1 0 1 0 3 3 1 1 1 1 3 2 2 0 1 0 3 0 0 2 0 2 0 2
0 0 0 1 1 3 2 1 1 2 1 1 2 2 1 2 1 4 3 1 2 3 0 2 2
0 1 0 0 1 3 3 3 0 3 2 3 2 2 0 0 1 4 3 1 2 3 2 1 1
0 0 0 1 0 4 0 0 0 0 1 0 2 2 2 2 0 0 2 2 0 3 1 2 1
0 0 2 2 1 4 2 1 2 2 1 1 0 2 0 1 1 0 3 1 1 3 2 2 0
0 1 1 1 0 4 3 3 1 1 1 1 0 2 1 2 0 0 1 3 1 3 1 1 2
0 1 0 0 1 4 0 0 1 0 0 0 2 2 1 1 1 1 1 3 2 2 2 1 0
0 0 2 2 0 4 1 2 0 1 0 2 1 2 0 2 0 1 2 3 0 1 2 3 0
0 1 1 2 1 4 3 3 0 3 1 1 2 0 1 0 1 1 0 0 0 0 2 0 1
0 0 1 0 0 4 1 1 2 2 1 2 2 2 0 0 0 2 2 1 2 3 1 3 2
0 0 0 2 0 4 2 2 2 1 0 1 1 2 1 1 0 2 3 3 2 2 0 1 2
0 1 2 0 0 4 3 3 1 3 0 3 1 2 0 0 0 2 3 2 1 1 0 1 0
0 0 1 2 0 4 0 0 1 0 2 0 0 1 1 0 0 3 3 1 0 1 2 3 2
0 0 0 0 1 4 2 2 0 2 1 2 1 1 1 2 1 3 3 3 0 3 0 3 0
0 1 0 0 1 4 3 1 1 1 0 3 0 0 1 2 1 3 0 0 2 0 1 0 0
0 0 2 1 1 4 0 0 1 0 2 0 2 1 0 1 1 4 0 0 1 0 0 0 0
0 1 1 0 1 4 1 3 1 1 1 3 1 2 2 1 1 4 1 1 0 3 1 2 1
0 0 2 2 1 0 1 1 0 2 1 2 2 2 2 1 1 3 1 2 1 3 2 3 0
0 0 0 1 1 0 1 1 2 2 2 2 1 2 0 0 1 4 2 2 0 3 0 3 2
0 0 2 0 1 0 1 2 1 1 0 2 0 2 1 2 1 2 2 3 1 2 0 3 2
0 0 1 2 1 2 1 2 2 2 0 1 1 2 1 2 1 3 1 3 2 3 1 2 1
0 0 2 2 0 3 1 2 0 2 2 1 0 2 2 0 0 3 2 3 1 3 2 1 2
0 1 0 2 1 3 1 3 0 1 1 3 1 0 2 1 1 2 0 0 0 0 0 0 0
0 1 1 1 1 2 3 3 2 1 1 1 0 0 2 2 1 4 2 1 2 2 1 1 0
0 1 1 2 0 3 3 1 2 1 2 1 0 2 2 2 0 4 1 3 1 2 0 2 1
0 0 1 0 0 0 1 1 0 2 0 2 1 1 0 1 0 1 3 1 1 3 1 3 1
0 0 0 1 0 4 1 2 1 2 1 1 1 2 0 0 0 1 1 3 1 3 2 2 1
0 0 0 1 1 1 1 1 1 2 2 2 1 2 2 2 1 2 2 2 2 3 1 3 0
0 1 2 2 1 1 1 1 2 3 1 1 1 0 1 0 1 0 2 2 1 2 2 1 1
0 1 0 1 1 4 1 1 0 3 2 3 0 0 2 0 1 0 0 0 1 0 1 0 2
0 1 0 0 1 2 1 3 2 3 2 3 1 2 2 1 1 1 3 1 1 2 2 3 2
0 1 1 0 0 0 3 1 1 3 0 1 0 0 0 0 0 2 0 0 2 0 0 0 1
0 1 2 2 1 1 1 1 0 1 1 3 0 0 2 1 1 3 0 0 0 0 1 0 2
0 1 2 1 0 4 1 1 2 1 2 1 2 0 1 1 0 3 2 2 0 2 0 2 0
0 1 1 0 0 4 1 1 2 3 0 1 1 2 1 0 0 4 0 0 2 0 2 0 2
0 0 0 0 1 0 1 2 0 1 0 2 2 1 2 2 1 0 1 3 1 1 0 3 1
0 0 1 1 1 3 1 2 1 2 2 2 2 2 1 2 1 0 2 3 0 3 1 3 2
0 0 2 2 1 4 1 1 2 2 2 2 0 2 0 2 1 0 1 2 2 3 2 3 2
0 0 1 0 0 2 1 1 0 1 1 2 2 2 0 2 0 1 1 2 1 1 1 3 1
0 0 0 0 0 1 1 1 1 2 0 2 0 2 0 0 0 3 2 1 2 3 0 3 0
0 0 1 0 0 1 1 1 0 1 0 2 1 2 1 0 0 4 1 1 2 2 0 3 0
0 1 2 2 1 0 1 3 1 1 0 3 0 0 0 1 1 1 1 1 2 1 1 1 0
0 1 1 2 0 4 3 3 0 3 1 3 2 2 2 1 0 1 2 3 2 2 2 2 1
0 1 0 0 0 0 3 1 0 3 1 1 2 2 2 1 0 3 3 3 0 2 2 1 2
0 1 2 1 0 2 1 3 1 3 2 3 2 2 1 2 0 2 1 3 0 3 0 2 1
0 1 0 1 0 2 0 0 2 0 2 0 2 0 1 2 0 2 2 1 2 2 2 2 2
0 1 0 1 1 3 1 3 1 1 0 3 0 0 0 1 1 3 2 2 0 2 1 1 0
0 0 2 2 1 3 1 2 2 2 2 1 2 1 1 0 1 2 1 3 1 3 1 3 0
0 1 1 1 1 3 1 1 1 3 1 3 1 2 0 2 1 0 1 1 1 2 0 3 2
0 1 1 2 1 1 1 3 1 3 2 3 0 2 0 0 1 2 3 2 0 3 1 2 2
0 1 0 1 1 0 1 1 1 3 1 3 0 2 2 1 1 4 3 2 1 1 0 1 0
0 0 2 0 0 2 1 1 2 1 2 1 1 1 2 2 0 1 0 0 0 0 1 0 1
0 0 2 0 1 1 1 1 2 1 1 1 0 1 0 1 1 0 0 0 1 0 2 0 2
0 0 0 0 0 3 1 1 2 1 1 1 2 1 2 1 0 1 0 0 0 0 0 0 1
0 1 2 2 0 1 1 3 1 3 2 3 1 0 1 1 0 4 0 0 1 0 0 0 2
0 1 0 0 1 2 1 1 0 3 0 1 2 0 2 0 1 4 0 0 0 0 0 0 1
0 0 1 2 1 4 1 1 0 2 0 1 0 1 2 2 1 2 1 1 0 3 2 1 1
0 0 1 0 1 1 1 1 2 1 2 2 0 2 2 1 1 3 1 2 1 1 0 3 2
0 1 0 0 1 3 3 3 2 3 0 1 0 2 0 2 1 3 1 3 2 1 1 2 0
0 1 2 0 1 2 0 0 0 0 0 0 1 0 1 1 1 4 1 2 1 1 2 1 1
0 1 2 0 1 1 3 1 2 1 1 1 2 0 0 2 1 1 2 2 1 2 0 1 2
0 1 1 2 1 0 3 1 1 3 2 1 2 0 2 1 1 3 2 2 2 1 1 2 2
0 1 0 0 1 2 3 3 1 3 1 3 0 2 1 0 1 3 2 2 0 1 0 3 1
0 1 1 0 1 1 3 3 0 3 0 1 2 0 1 2 1 4 2 2 1 1 1 2 0
0 0 0 1 1 4 2 1 2 1 2 1 0 1 2 0 1 1 3 3 2 1 1 3 0
0 0 2 0 1 3 1 1 0 1 1 2 0 2 0 0 1 0 2 1 2 1 1 3 1
0 0 2 0 0 2 2 1 0 1 2 1 2 2 0 1 0 2 3 3 2 2 1 1 0
0 0 0 2 0 0 2 1 0 1 0 1 2 2 2 0 0 0 3 2 2 2 0 2 1
0 0 0 2 0 1 2 1 1 1 1 2 0 2 0 1 0 4 3 1 0 1 2 3 2
0 0 2 0 1 3 2 1 2 1 0 1 0 2 0 2 1 4 3 2 0 2 1 1 1
0 1 2 1 0 2 3 1 1 3 0 3 2 2 2 1 0 0 1 1 2 3 0 1 0
0 1 2 1 0 3 1 1 2 3 0 1 2 0 1 2 0 1 2 1 0 2 2 2 2
0 1 0 1 0 4 1 3 0 3 1 1 0 2 1 2 0 1 2 1 1 3 0 1 2
0 1 1 2 0 4 1 1 0 3 1 1 2 2 1 1 0 4 3 2 0 1 0 1 1
0 0 2 2 0 3 1 2 0 1 1 1 2 2 2 1 0 3 1 3 0 2 0 2 0
0 0 2 1 0 4 2 2 0 1 0 1 2 2 0 2 0 3 3 3 2 1 0 1 2
0 1 2 1 1 4 3 3 2 3 2 1 0 2 1 2 1 2 3 1 2 3 1 3 1
0 0 0 0 1 4 1 2 0 1 0 1 0 2 2 2 1 0 1 3 0 1 2 2 2
0 1 2 1 0 0 3 1 0 3 0 3 2 0 1 1 0 2 2 2 0 1 2 2 1
0 0 1 2 1 3 0 0 1 0 1 0 2 1 1 1 1 4 3 3 2 1 0 3 0
0 1 2 0 1 4 3 3 0 1 2 1 1 0 0 0 1 0 1 1 1 2 2 2 1
0 0 1 2 1 3 2 2 0 1 1 2 1 2 1 0 1 2 3 3 0 2 2 3 0
0 1 1 0 0 1 0 0 2 0 0 0 1 0 2 0 0 3 2 1 2 2 1 2 2
0 0 2 2 0 2 1 2 1 1 2 1 0 2 2 1 0 4 1 3 1 1 1 2 2
0 0 0 0 0 1 2 2 0 2 1 1 0 2 2 1 0 1 3 3 0 3 1 2 2
0 0 0 2 1 4 1 1 0 1 1 1 2 2 1 0 1 2 1 1 1 3 2 2 0
0 0 0 2 0 0 0 0 1 0 0 0 1 1 0 2 0 3 1 3 1 1 0 1 1
0 0 1 0 1 0 2 1 1 2 2 1 0 1 0 2 1 0 3 1 2 3 0 3 2
0 1 0 2 0 4 3 3 0 1 1 3 2 2 1 2 0 4 1 3 1 2 1 3 0
0 1 1 0 1 1 0 0 2 0 0 0 2 0 2 2 1 1 2 2 0 2 2 2 2
0 0 1 0 1 2 1 2 1 2 2 1 0 2 0 0 1 3 2 3 1 3 2 2 0
0 0 0 1 1 2 1 2 0 1 1 2 1 1 2 2 1 3 3 3 2 1 2 3 1
0 0 0 1 1 2 0 0 0 0 1 0 0 1 1 1 1 0 1 3 1 3 0 1 1
0 0 1 2 1 1 1 1 2 1 0 1 0 1 2 0 1 3 0 0 2 0 0 0 2
0 1 2 1 1 3 0 0 1 0 2 0 2 0 0 0 1 1 1 1 2 1 2 1 0
0 1 0 1 0 4 1 3 1 3 1 1 0 0 1 1 0 4 2 1 2 1 2 1 1
0 1 1 2 1 0 1 1 2 3 1 1 1 0 2 2 1 0 1 1 2 1 2 1 2
0 1 1 0 1 2 1 3 1 3 0 3 2 0 1 0 1 1 2 1 1 1 1 2 1
0 0 0 2 0 3 1 1 1 1 2 2 0 1 0 0 0 3 3 3 2 3 1 3 2
0 0 0 2 1 1 1 2 0 2 0 2 0 2 1 2 1 1 1 3 2 3 2 3 2
0 0 2 0 1 4 1 1 1 2 2 2 1 1 1 2 1 4 1 1 1 3 2 3 1
0 0 0 2 0 1 0 0 2 0 2 0 1 2 0 0 0 0 2 3 0 1 0 3 0
0 0 0 1 1 1 0 0 2 0 1 0 0 2 2 0 1 2 3 2 2 3 2 1 1
0 0 2 0 0 0 2 2 1 1 1 2 2 2 1 0 0 1 3 3 0 2 1 3 2
0 0 1 0 1 3 1 2 0 1 0 2 0 2 2 1 1 2 2 3 2 2 1 3 2
0 0 0 0 0 1 1 2 0 1 0 2 0 2 0 2 0 3 3 3 0 2 1 3 0
0 0 2 2 1 2 2 1 1 2 2 2 1 1 1 2 1 0 3 3 2 3 0 3 2
0 0 0 1 1 1 2 1 0 2 2 2 1 2 1 1 1 1 3 2 2 3 2 3 0
0 0 0 2 0 4 2 2 0 2 1 2 2 1 0 1 0 2 3 3 1 3 0 3 0
0 1 2 0 1 0 1 1 1 1 2 3 2 2 2 0 1 0 2 3 0 3 2 1 0
0 1 2 0 0 0 1 1 2 1 0 3 0 2 2 2 0 2 3 3 0 1 1 1 2
0 1 0 1 0 1 3 1 0 1 1 3 2 0 0 2 0 3 0 0 2 0 0 0 0
0 1 1 1 0 3 3 1 1 1 1 3 1 2 1 0 0 3 2 1 1 3 2 3 2
0 1 2 2 1 0 3 3 1 1 2 3 1 2 2 1 1 4 1 1 2 2 1 3 0
0 1 2 2 0 3 3 1 0 3 2 3 0 2 1 1 0 0 3 1 0 2 0 3 0
0 1 1 1 0 1 1 1 2 3 0 3 1 2 2 0 0 4 3 2 2 1 1 3 1
0 0 2 2 1 4 1 1 1 1 0 1 2 2 0 2 1 1 3 2 1 2 2 1 0
0 0 0 2 0 0 2 1 2 1 0 1 1 2 1 2 0 0 3 2 1 1 2 2 1
0 0 0 0 0 1 2 1 0 1 1 1 1 1 1 1 0 4 3 3 2 3 1 3 2
0 1 2 0 0 1 3 1 0 1 0 1 1 2 0 2 0 4 3 2 0 1 1 3 0
0 1 2 0 0 2 3 1 2 1 2 1 0 2 1 2 0 4 2 2 0 2 2 3 2
0 1 0 0 1 1 1 3 1 3 2 1 1 2 1 1 1 1 0 0 1 0 1 0 2
0 1 1 1 1 2 1 1 1 3 0 1 0 0 0 2 1 3 0 0 2 0 2 0 1
0 0 2 1 0 0 2 1 0 1 0 2 0 2 1 1 0 4 3 3 2 2 2 3 0
0 0 0 2 1 4 2 1 2 2 1 2 0 2 0 1 1 4 3 2 0 3 0 3 0
0 1 0 2 1 1 1 1 2 1 1 3 1 0 2 1 1 1 0 0 0 0 0 0 1
0 1 1 1 1 3 1 3 1 1 0 3 2 0 2 1 1 2 1 2 2 1 1 1 0
0 1 1 0 1 2 3 1 1 1 1 3 0 2 2 0 1 1 3 3 0 2 2 3 0
0 1 2 0 0 1 3 1 1 1 1 3 2 0 2 2 0 2 0 0 2 0 1 0 2
0 1 0 1 0 3 3 3 1 1 1 3 2 2 1 1 0 4 0 0 1 0 2 0 1
0 1 2 1 1 2 1 1 2 3 1 3 0 0 0 0 1 1 0 0 2 0 1 0 0
0 1 0 0 0 4 1 1 0 3 0 3 2 0 1 1 0 2 0 0 1 0 2 0 1
0 1 1 2 1 1 1 1 0 1 1 1 1 2 2 1 1 0 3 2 1 1 2 3 2
0 0 2 0 0 3 2 2 1 1 2 1 1 2 2 0 0 1 3 3 1 2 2 2 0
0 0 0 2 0 0 2 2 2 1 1 1 1 2 2 2 0 3 3 3 2 2 0 3 1
0 1 1 2 1 1 1 3 2 1 2 1 1 0 2 2 1 2 2 2 1 1 2 2 1
0 0 0 2 1 0 2 1 0 1 1 2 2 1 1 0 1 1 3 3 1 1 1 3 2
0 0 0 1 0 2 2 2 1 1 0 2 2 2 1 0 0 0 3 3 2 2 2 3 0
0 0 1 2 0 1 2 2 0 1 2 2 0 2 2 0 0 1 3 3 1 2 0 3 0
0 0 2 2 0 3 2 2 1 1 0 2 0 2 1 0 0 3 3 3 0 2 0 3 1
0 0 1 0 1 1 1 2 0 2 1 2 2 1 2 2 1 2 1 3 0 3 2 3 2
0 1 0 0 0 3 3 1 1 1 2 1 0 2 2 2 0 0 2 1 2 1 0 3 0
0 1 1 1 1 1 1 1 1 3 0 1 0 2 0 1 1 2 3 3 1 1 1 2 0
0 1 0 1 1 1 3 1 0 1 0 3 0 2 1 1 1 0 3 2 0 3 1 1 1
0 1 0 1 0 4 3 3 0 1 1 1 1 2 2 1 0 1 3 3 0 1 0 3 1
0 0 1 2 0 2 1 2 2 2 1 1 1 2 0 2 0 4 3 3 0 3 0 2 2
0 1 1 2 0 0 1 3 2 3 2 3 2 2 0 1 0 0 0 0 0 0 1 0 0
0 0 0 2 1 0 2 2 1 2 0 2 1 1 2 1 1 0 3 3 0 3 1 3 1
0 1 1 1 1 0 3 1 2 1 2 3 1 0 1 2 1 0 0 0 0 0 0 0 0
0 1 0 2 1 0 3 3 2 3 0 1 2 2 1 0 1 0 2 3 1 3 0 3 2
0 0 0 0 1 0 1 2 2 2 0 1 1 2 1 1 1 1 2 3 0 3 1 1 1
0 1 0 0 0 0 3 1 1 3 1 3 1 2 2 2 0 1 1 2 2 3 0 2 2
0 1 1 1 0 0 3 3 2 3 1 1 0 2 0 0 0 1 3 1 0 1 0 2 2
0 0 1 2 0 0 2 1 1 2 1 2 0 2 1 2 0 2 3 2 1 3 1 3 1
0 0 1 0 1 0 2 2 1 2 1 1 1 1 2 0 1 2 3 3 2 3 0 1 0
0 0 1 1 0 0 1 2 2 1 2 2 2 2 1 1 0 3 2 3 1 1 0 3 1
0 1 2 0 1 0 1 3 0 3 1 3 1 2 1 0 1 3 3 3 2 3 0 3 2
0 0 1 1 1 0 2 1 0 1 2 2 2 2 2 2 1 3 3 1 1 2 1 3 0
0 1 1 2 0 0 3 3 0 1 2 3 1 0 1 0 0 3 1 2 1 2 0 1 2
0 0 0 0 0 0 1 2 0 2 2 1 2 2 1 0 0 4 1 3 2 3 1 2 1
0 1 2 1 1 0 1 3 0 3 1 1 1 2 0 2 1 4 0 0 2 0 0 0 0
0 1 2 2 1 0 3 1 1 3 2 1 0 2 2 2 1 4 0 0 0 0 2 0 0
0 0 2 1 0 1 1 2 2 2 0 1 1 2 2 1 0 0 2 3 2 3 0 2 1
0 1 0 1 0 1 1 3 0 3 1 3 0 0 2 0 0 0 1 2 2 2 0 2 0
0 0 2 1 1 1 2 1 0 2 0 2 2 1 0 0 1 0 3 1 0 3 0 3 2
0 1 1 1 1 1 3 3 2 1 0 3 1 2 0 1 1 1 1 3 1 3 0 1 2
0 0 1 0 1 1 2 1 2 2 0 1 2 2 2 1 1 2 3 1 1 3 0 2 1
0 1 0 2 1 1 3 3 2 3 2 1 2 2 0 2 1 2 0 0 2 0 2 0 2
0 1 0 2 1 1 1 3 2 3 1 3 2 0 0 0 1 3 1 1 0 2 1 1 1
0 0 2 2 1 1 2 2 2 2 1 2 1 1 0 2 1 3 3 3 1 3 1 3 1
0 0 1 0 0 1 2 2 1 2 0 2 2 1 2 0 0 4 3 3 1 3 2 3 2
0 0 0 1 0 2 1 2 2 2 1 1 2 1 0 1 0 0 1 3 2 3 1 3 2
0 1 0 1 1 2 1 3 1 1 2 1 2 2 1 0 1 0 0 0 0 0 0 0 2
0 1 1 2 1 2 3 3 0 3 2 1 1 2 0 2 1 0 3 3 0 1 1 1 0
0 1 2 2 0 2 0 0 0 0 1 0 1 2 0 2 0 1 3 2 2 1 1 2 2
0 0 2 1 1 2 2 2 2 2 0 2 0 1 0 1 1 1 3 3 0 3 0 3 1
0 0 2 2 1 2 1 1 0 2 0 2 1 2 2 0 1 2 2 1 0 3 1 3 0
0 0 0 0 0 2 1 2 1 1 2 2 1 1 0 1 0 2 1 3 0 3 2 3 0
0 0 1 1 1 2 2 2 0 2 1 1 0 2 1 1 1 2 3 3 0 3 2 2 2
0 1 0 2 0 2 3 1 1 3 1 1 1 2 0 2 0 2 2 3 0 3 1 1 1
0 0 1 0 1 2 2 1 1 2 0 2 2 2 0 1 1 3 3 2 0 3 2 3 2
0 0 1 2 1 2 2 2 1 1 1 1 2 1 2 2 1 3 3 3 1 3 1 1 0
0 1 2 1 0 2 1 3 0 3 0 3 1 2 0 0 0 4 2 3 1 2 0 1 2
0 0 1 1 1 2 2 2 1 1 2 2 1 1 0 0 1 4 3 3 0 1 0 3 1
0 1 0 2 0 3 0 0 2 0 0 0 1 0 0 1 0 0 0 0 2 0 2 0 1
0 1 1 0 0 3 1 3 0 3 2 1 0 0 1 1 0 0 0 0 2 0 2 0 0
0 0 0 0 0 3 2 1 0 2 1 2 1 2 2 1 0 0 3 2 1 3 1 3 0
0 0 0 1 0 3 1 2 2 2 1 2 0 1 1 2 0 1 3 3 1 3 2 3 0
0 1 1 2 0 3 1 3 1 3 2 3 0 2 2 0 0 1 0 0 1 0 0 0 1
0 0 2 2 0 3 2 1 1 2 1 1 1 2 0 1 0 1 3 2 0 3 2 1 2
0 1 2 2 1 3 3 1 0 3 1 3 1 2 1 0 1 1 1 3 0 1 1 1 2
0 1 2 2 1 3 3 3 2 1 0 1 0 2 2 1 1 1 2 1 0 3 0 3 2
0 0 0 0 0 3 1 1 1 2 2 2 2 1 2 1 0 2 3 1 1 3 0 3 1
0 1 1 1 1 3 3 3 0 3 1 1 0 2 2 1 1 2 0 0 0 0 1 0 2
0 0 1 0 0 3 2 1 0 2 0 1 1 2 1 2 0 3 3 1 0 3 1 2 0
0 1 0 2 1 3 1 1 2 3 0 3 1 2 2 1 1 4 2 3 1 3 2 2 0
0 0 2 1 0 3 1 2 0 2 0 2 2 1 2 2 0 4 1 3 2 3 1 3 1
0 1 2 1 0 3 1 3 1 1 2 1 1 2 1 0 0 4 3 2 0 1 2 2 2
0 0 0 0 1 3 2 2 2 1 0 2 2 1 1 1 1 4 3 3 0 1 1 3 0
0 1 1 0 1 4 1 3 2 3 0 3 0 2 1 0 1 0 3 3 0 2 0 1 1
0 0 1 1 0 4 2 2 1 2 0 2 0 1 2 1 0 0 3 3 2 3 1 3 0
0 1 1 0 1 4 3 1 1 3 0 1 1 2 2 1 1 0 2 2 0 1 1 3 2
0 0 1 0 0 4 2 2 2 2 2 2 2 1 2 2 0 1 3 3 1 3 0 3 2
0 1 0 1 0 4 3 1 2 3 0 3 2 2 0 1 0 1 1 1 0 2 1 3 2
0 0 0 2 0 4 0 0 1 0 1 0 0 1 2 2 0 2 0 0 1 0 1 0 2
0 0 2 1 1 4 1 2 1 1 1 2 0 2 2 0 1 2 3 3 0 2 0 3 1
0 1 2 2 0 4 1 3 2 1 2 3 0 2 0 0 0 2 0 0 1 0 0 0 1
0 0 1 0 0 4 2 1 1 1 2 1 0 2 0 2 0 2 3 2 2 1 0 2 1
0 1 0 0 1 4 3 1 0 1 2 1 1 2 1 0 1 2 2 2 2 3 0 1 2
0 0 2 1 0 4 1 2 1 2 2 2 2 1 2 0 0 3 1 3 0 3 1 3 2
0 1 2 2 1 4 1 3 0 3 2 3 1 0 0 2 1 3 2 1 0 1 0 2 2
0 0 2 0 0 4 2 1 2 2 0 2 1 1 2 1 0 3 3 1 2 3 2 3 0
0 1 2 0 0 4 3 3 0 3 2 1 2 2 2 1 0 3 0 0 0 0 0 0 0
0 0 1 0 0 4 1 2 1 2 2 1 0 2 1 1 0 4 2 3 1 3 1 1 0
0 0 1 1 1 4 2 2 2 1 2 2 1 2 0 2 1 4 3 3 1 2 1 3 2
0 1 0 0 0 4 3 1 1 3 0 3 0 0 0 0 0 4 2 1 2 2 0 2 2
0 0 0 1 0 4 2 1 1 1 1 2 1 2 0 0 0 0 3 2 1 2 2 3 1
0 1 1 1 0 4 3 1 0 1 1 3 1 0 0 1 0 4 0 0 0 0 1 0 2
0 0 2 1 0 3 2 2 1 1 1 2 0 1 1 2 0 0 3 3 1 1 2 3 2
0 0 0 2 1 2 1 2 2 1 2 1 0 2 0 0 1 1 1 3 2 2 0 1 1
0 0 2 1 1 1 2 2 2 1 1 1 2 2 2 0 1 4 3 3 1 2 0 2 0
0 1 0 1 1 0 3 3 1 1 1 3 2 2 0 1 1 0 3 1 1 3 2 2 0
0 1 0 2 0 2 3 3 0 1 1 3 0 0 2 0 0 2 2 1 1 1 0 2 0
0 1 1 1 0 1 1 3 1 1 0 1 2 2 1 2 0 3 3 1 2 2 2 3 1
0 1 1 0 0 2 3 3 2 1 1 3 1 2 1 1 0 3 0 0 1 0 0 0 1
0 1 2 1 1 4 3 3 2 1 1 3 0 2 2 2 1 3 1 2 1 3 2 3 0
0 1 1 2 1 1 1 3 1 1 2 3 2 2 0 1 1 4 2 3 2 2 0 3 1
0 0 2 1 1 2 1 1 1 2 2 1 0 2 2 0 1 1 1 2 1 3 1 2 1
0 0 0 2 1 4 1 1 1 2 2 2 2 2 1 1 1 1 2 2 2 3 1 3 1
0 0 1 2 0 1 1 1 0 2 1 1 2 2 2 0 0 4 2 1 0 3 0 1 0
0 1 2 1 1 1 3 1 1 3 2 3 1 2 1 0 1 3 1 3 2 2 2 2 1
0 1 1 0 0 3 3 1 2 3 2 3 1 2 2 2 0 3 3 2 1 1 2 1 0
0 1 1 0 1 4 1 1 0 3 1 1 0 2 0 1 1 3 1 2 2 2 2 3 1
0 1 0 1 0 0 1 3 1 3 1 1 0 2 1 1 0 2 1 2 1 2 1 3 2
0 0 0 0 1 0 1 1 2 1 1 1 0 1 1 1 1 4 0 0 2 0 1 0 0
0 0 0 1 1 0 2 1 0 1 2 1 1 2 2 2 1 2 3 1 0 2 0 1 1
0 0 0 0 1 1 2 2 1 1 2 1 2 1 1 1 1 3 3 3 1 1 2 1 2
0 1 2 2 0 2 3 1 0 1 0 1 2 2 1 2 0 0 0 0 1 0 1 0 0
0 1 2 1 0 0 3 1 1 1 0 1 1 0 1 0 0 1 0 0 1 0 0 0 0
0 1 1 1 0 3 3 1 1 1 1 1 2 2 0 2 0 2 3 2 1 2 2 2 1
0 0 2 2 0 0 1 2 0 2 2 1 0 1 1 0 0 0 3 3 2 3 2 1 1
0 0 0 2 1 0 1 2 0 2 1 1 0 2 0 2 1 2 2 3 2 3 2 2 0
0 0 2 0 1 0 2 1 0 2 0 1 2 2 0 2 1 1 3 2 2 3 0 3 0
0 0 2 0 1 3 2 1 2 2 1 1 0 2 1 0 1 2 3 2 2 3 1 2 2
0 0 2 2 0 0 2 1 2 2 0 1 2 1 1 2 0 4 3 1 0 3 0 1 2
0 1 1 0 0 2 1 3 0 3 1 3 1 2 0 2 0 0 2 2 2 3 2 1 0
0 1 2 0 1 0 1 3 0 3 2 3 2 0 0 2 1 1 0 0 1 0 2 0 1
0 1 1 2 0 3 1 3 1 3 0 1 1 0 1 2 0 2 1 1 1 2 0 1 0
0 1 1 1 0 1 3 3 0 3 1 1 1 2 2 0 0 0 0 0 0 0 2 0 1
0 1 1 1 0 2 3 3 0 3 2 1 0 0 2 1 0 1 1 2 0 2 1 1 1
0 1 2 2 1 2 3 1 2 3 0 3 2 2 0 0 1 4 1 2 2 3 2 3 2
0 0 2 0 1 4 2 1 2 1 1 1 2 2 2 0 1 4 3 1 0 1 1 2 2
0 0 0 1 1 4 1 2 2 2 0 1 2 2 2 0 1 3 2 3 1 3 2 3 1
0 1 1 2 1 3 1 1 0 3 2 1 2 0 0 2 1 4 0 0 1 0 1 0 2
0 0 0 2 1 3 2 1 2 1 2 2 2 2 0 2 1 1 3 1 2 2 0 3 1
0 0 1 2 1 4 1 1 0 1 2 2 0 2 2 2 1 3 2 1 1 2 1 3 1
0 0 0 1 1 3 1 1 2 2 2 2 1 1 1 1 1 3 1 1 0 3 0 3 2
0 0 0 1 0 2 1 1 2 2 1 2 0 1 2 0 0 4 1 3 1 3 0 3 0
0 1 2 0 1 3 3 3 1 1 0 3 1 0 0 0 1 0 0 0 0 0 2 0 2
0 1 0 2 1 4 3 3 2 1 0 3 1 0 1 1 1 0 2 2 2 2 1 2 2
0 1 1 1 1 3 1 1 0 1 2 3 0 2 0 2 1 1 2 2 2 3 0 2 1
0 1 0 1 0 4 1 3 2 1 0 3 2 2 2 2 0 1 0 0 2 0 2 0 0
0 1 1 0 1 2 3 3 1 1 2 3 0 0 0 1 1 4 0 0 2 0 2 0 0
0 0 0 1 0 1 1 2 0 1 1 1 1 2 0 1 0 2 2 3 1 2 1 1 2
0 0 1 0 0 3 1 2 2 1 1 1 1 2 0 2 0 4 2 3 2 1 0 1 1
0 1 1 2 1 2 1 3 2 1 0 1 1 0 1 1 1 2 0 0 2 0 1 0 1
0 1 0 2 1 0 1 3 1 1 2 1 1 0 0 0 1 3 0 0 0 0 2 0 0
0 1 0 0 0 2 1 3 1 1 0 1 1 0 2 2 0 3 1 2 1 2 0 2 2
0 0 0 1 0 0 1 1 2 2 1 2 0 2 1 0 0 0 2 1 1 3 1 3 0
0 0 1 2 0 3 1 1 1 2 0 2 2 2 0 0 0 4 2 2 1 3 2 3 1
0 1 1 0 1 2 3 1 2 3 1 3 2 2 1 0 1 2 1 1 1 2 0 3 0
0 1 0 2 0 0 3 1 2 3 1 3 2 0 1 0 0 3 0 0 1 0 0 0 2
0 1 2 2 1 2 3 1 2 1 0 3 0 2 1 1 1 3 2 3 2 1 2 1 0
0 0 0 0 1 1 2 1 2 1 2 1 0 2 1 2 1 0 3 1 2 2 1 1 0
0 0 2 1 0 2 2 1 2 1 2 1 2 2 2 0 0 0 3 2 0 1 1 1 2
0 1 0 2 0 4 3 3 2 1 2 1 1 0 2 2 0 4 0 0 2 0 0 0 1
0 0 2 0 0 1 1 2 2 1 1 2 2 2 1 1 0 0 1 3 0 2 2 3 1
0 0 1 2 0 2 1 1 2 1 0 2 0 1 1 1 0 0 3 1 0 1 2 3 1
0 0 2 1 1 2 2 1 1 1 1 2 1 1 0 2 1 2 3 1 0 1 0 3 0
0 1 0 2 1 1 1 3 1 3 0 1 2 0 2 0 1 4 1 2 0 2 2 1 2
0 1 1 2 1 3 3 3 0 1 0 3 2 2 2 0 1 3 3 3 0 3 1 2 1
0 1 2 1 1 4 3 1 0 1 2 3 0 2 2 2 1 4 3 2 2 2 2 2 2
0 0 2 2 0 3 1 1 2 1 2 2 0 2 0 1 0 2 1 2 2 2 0 3 2
0 0 1 0 1 0 1 2 0 1 1 1 1 2 0 1 1 0 2 3 1 2 0 2 0
0 1 2 1 0 1 1 3 0 3 2 3 0 2 2 1 0 2 2 1 2 3 2 3 0
0 1 1 2 0 1 3 3 0 1 0 1 0 2 2 1 0 2 3 3 1 2 2 3 0
0 1 1 2 1 3 3 1 1 3 2 1 2 2 1 2 1 1 3 2 2 3 2 3 1
0 0 2 0 1 1 1 1 2 2 2 2 2 2 2 1 1 4 3 2 2 3 1 3 1
0 1 0 2 0 4 1 3 2 3 2 1 2 0 0 0 0 1 1 2 1 1 0 2 0
0 0 0 2 1 4 1 1 2 2 0 1 1 2 0 0 1 3 3 2 2 3 1 1 0
0 1 0 2 0 1 3 1 1 1 1 1 0 2 0 2 0 0 1 3 0 2 0 2 1
0 0 1 1 1 4 1 1 1 1 1 2 1 1 2 0 1 1 1 1 2 1 0 3 2
0 0 1 2 1 1 1 2 0 1 2 2 2 2 1 0 1 0 2 3 2 3 0 3 2
0 1 0 0 0 1 1 1 0 3 2 3 0 2 1 1 0 1 2 3 1 1 0 2 2
0 1 2 0 1 1 3 3 0 1 2 1 0 0 1 0 1 4 0 0 0 0 0 0 1
0 1 1 0 1 0 3 1 0 1 0 1 0 0 1 2 1 1 1 1 2 2 2 1 1
0 0 1 2 0 1 1 1 1 2 2 1 1 2 0 0 0 1 1 1 2 3 1 2 0
0 1 2 0 1 3 3 3 1 3 1 1 2 0 2 1 1 2 2 1 0 1 0 2 1
0 1 0 0 0 2 3 1 2 3 1 3 1 2 1 1 0 0 3 2 1 1 1 2 1
0 1 1 0 0 0 3 3 1 1 0 1 1 2 2 2 0 4 2 3 0 1 1 1 2
0 1 1 2 0 0 1 1 2 3 2 3 0 0 1 1 0 1 2 1 1 2 1 2 0
0 1 2 0 1 1 3 3 1 3 1 3 1 2 2 2 1 1 3 1 0 2 1 1 0
0 1 2 2 1 0 0 0 0 0 1 0 0 0 1 2 1 0 0 0 0 0 0 0 2
0 0 2 0 0 1 0 0 2 0 2 0 1 1 2 0 0 0 0 0 2 0 1 0 0
0 0 1 2 1 2 0 0 1 0 1 0 1 1 0 2 1 0 0 0 2 0 2 0 2
0 0 1 0 1 4 0 0 2 0 1 0 2 2 1 2 1 0 0 0 1 0 0 0 1
0 1 0 1 0 1 0 0 0 0 1 0 1 0 1 1 0 1 0 0 0 0 1 0 0
0 0 2 1 0 2 0 0 2 0 0 0 0 2 2 1 0 1 0 0 0 0 2 0 2
0 0 2 2 0 3 0 0 0 0 2 0 2 1 1 2 0 1 0 0 2 0 0 0 1
0 0 2 0 0 4 0 0 0 0 0 0 1 1 0 0 0 1 0 0 0 0 1 0 1
0 0 2 1 1 0 0 0 2 0 2 0 1 1 0 1 1 2 0 0 1 0 2 0 2
0 1 2 1 0 3 0 0 2 0 0 0 0 0 2 0 0 2 0 0 1 0 0 0 0
0 0 0 0 1 0 0 0 0 0 2 0 0 2 2 1 1 3 0 0 2 0 1 0 1
0 1 2 2 1 1 0 0 2 0 0 0 0 2 0 2 1 3 0 0 1 0 2 0 0
0 0 0 1 0 2 0 0 1 0 2 0 2 1 0 0 0 3 0 0 0 0 1 0 2
0 1 1 1 1 4 0 0 2 0 2 0 1 0 2 1 1 3 0 0 1 0 0 0 2
0 1 0 2 0 0 0 0 2 0 0 0 2 0 2 0 0 4 0 0 0 0 1 0 1
0 0 1 0 0 1 0 0 0 0 1 0 0 1 2 2 0 4 0 0 2 0 0 0 2
0 0 2 2 0 2 0 0 2 0 1 0 1 2 1 0 0 4 0 0 1 0 2 0 1
0 0 2 0 1 3 0 0 2 0 2 0 0 2 0 2 1 4 0 0 0 0 1 0 2
0 1 0 0 0 0 3 3 1 3 1 1 2 0 2 2 0 0 0 0 0 0 0 0 1
0 1 2 1 0 4 3 3 1 1 0 1 0 0 0 1 0 0 0 0 2 0 0 0 1
0 1 1 1 1 4 3 3 1 3 2 1 2 0 1 0 1 2 0 0 1 0 1 0 0
0 1 1 2 1 1 1 3 1 3 0 3 2 0 0 2 1 0 0 0 1 0 1 0 0
0 1 0 2 0 2 1 1 1 3 1 3 0 0 2 1 0 0 0 0 2 0 2 0 1
0 1 1 1 1 0 1 3 1 1 1 3 2 2 1 0 1 2 0 0 2 0 2 0 2
0 0 0 2 0 0 0 0 0 0 0 0 2 2 0 2 0 0 1 1 1 2 1 3 2
0 1 1 2 0 1 0 0 0 0 2 0 2 0 2 1 0 0 1 2 1 1 1 1 2
0 1 2 1 1 3 0 0 2 0 1 0 0 0 0 1 1 0 1 2 0 2 0 2 1
0 0 2 0 0 4 0 0 2 0 0 0 0 1 2 2 0 0 1 1 2 3 0 1 2
0 1 0 1 1 0 0 0 2 0 2 0 0 0 1 2 1 1 1 2 0 1 1 2 1
0 0 1 2 0 2 0 0 2 0 1 0 2 1 2 1 0 1 1 1 0 3 2 3 1
0 1 2 2 1 1 0 0 0 0 1 0 1 0 0 0 1 2 1 1 2 2 0 1 1
0 0 2 0 1 2 0 0 1 0 2 0 2 2 2 2 1 2 1 3 1 1 1 2 0
0 0 0 0 0 3 0 0 0 0 0 0 1 1 1 0 0 2 1 1 1 3 2 3 2
0 1 2 2 1 4 0 0 1 0 0 0 2 2 1 0 1 2 1 2 2 1 1 3 1
0 1 2 0 1 1 0 0 0 0 1 0 1 2 0 2 1 3 1 2 0 3 2 3 2
0 1 0 2 1 3 0 0 0 0 2 0 0 0 2 1 1 3 1 1 1 2 2 2 0
0 1 1 1 0 4 0 0 0 0 0 0 0 0 0 2 0 3 1 2 1 2 1 1 0
0 0 1 1 0 0 0 0 1 0 1 0 0 2 1 0 0 4 1 2 2 2 0 3 2
0 0 0 0 0 3 0 0 2 0 1 0 1 2 0 1 0 4 1 1 1 1 0 2 2
0 1 1 2 1 4 0 0 2 0 2 0 1 2 1 2 1 4 1 2 2 3 0 2 0
0 0 0 0 1 3 1 2 1 1 0 1 1 1 0 0 1 0 1 3 1 3 1 1 0
0 0 1 1 1 3 1 2 2 1 0 1 1 1 1 0 1 1 1 3 1 1 2 3 1
0 0 0 0 0 2 1 1 2 2 0 1 2 2 0 2 0 2 1 2 1 3 0 1 2
0 1 1 1 0 0 1 1 1 3 0 1 0 2 0 0 0 3 1 1 0 3 2 1 0
0 0 0 2 0 1 1 2 2 2 2 1 2 2 1 2 0 3 1 3 1 3 0 2 0
0 1 1 1 1 4 1 3 1 3 0 1 2 2 2 0 1 4 1 3 0 3 2 3 0
0 0 1 0 0 2 1 1 0 2 2 2 1 1 1 0 0 0 1 1 0 3 1 3 0
0 0 2 2 1 3 1 1 1 2 1 2 2 1 2 0 1 0 1 1 1 3 2 3 1
0 0 1 1 0 0 1 2 1 2 2 2 0 1 2 1 0 1 1 3 2 3 2 3 2
0 0 2 1 0 0 1 1 1 2 0 2 2 1 0 0 0 2 1 1 2 3 2 3 1
0 0 0 0 1 4 1 2 2 1 1 2 0 1 0 1 1 2 1 3 2 1 2 3 1
0 0 2 0 0 2 1 1 1 2 1 2 0 1 1 2 0 3 1 1 2 3 0 3 1
0 0 1 2 1 0 1 1 0 1 2 2 0 1 0 0 1 4 1 1 0 1 1 3 0
0 1 2 1 1 0 3 3 1 1 2 3 0 2 0 0 1 0 1 2 0 1 2 3 1
0 1 1 0 0 4 1 3 0 3 0 3 2 2 1 2 0 0 1 1 2 1 2 3 0
0 1 2 1 0 2 1 3 2 1 1 3 2 2 1 1 0 1 1 3 1 1 2 3 2
0 1 1 0 0 0 1 3 0 1 2 3 1 0 1 1 0 2 1 1 2 1 0 2 2
0 1 0 1 0 1 3 3 0 1 2 3 1 2 1 2 0 2 1 1 1 3 1 1 2
0 1 2 2 1 4 3 3 1 3 2 3 0 2 2 1 1 2 1 3 1 2 1 2 2
0 1 0 1 1 2 3 1 2 3 0 3 0 0 2 2 1 3 1 1 0 2 2 2 0
0 1 2 2 0 3 1 3 1 3 1 3 2 2 2 2 0 3 1 2 2 3 1 3 1
0 1 0 1 1 3 3 3 2 3 1 3 0 2 1 0 1 4 1 2 0 2 0 3 0
0 1 1 0 1 3 0 0 0 0 2 0 1 0 1 1 1 0 2 1 0 1 1 1 1
0 0 0 2 0 0 0 0 1 0 2 0 0 2 2 0 0 1 2 1 1 3 1 1 2
0 1 2 0 1 2 0 0 0 0 2 0 0 2 0 1 1 1 2 3 2 3 1 3 1
0 1 2 0 1 4 0 0 2 0 0 0 0 0 0 1 1 1 2 1 1 1 0 2 2
0 1 1 2 0 0 0 0 0 0 1 0 2 0 0 1 0 2 2 2 0 1 0 1 0
0 0 1 1 1 1 0 0 2 0 1 0 0 2 1 2 1 2 2 3 1 2 1 3 1
0 0 1 2 0 3 0 0 2 0 0 0 2 2 2 2 0 2 2 2 2 2 2 1 2
0 0 1 2 1 4 0 0 0 0 0 0 1 2 2 0 1 2 2 3 0 3 0 2 0
0 0 0 2 1 0 0 0 2 0 1 0 2 2 1 2 1 3 2 2 1 3 0 2 1
0 1 2 2 0 2 0 0 1 0 2 0 0 0 2 1 0 3 2 1 0 1 0 1 1
0 1 2 1 0 3 0 0 2 0 2 0 1 2 0 2 0 3 2 3 2 3 1 1 2
0 0 2 0 0 4 0 0 0 0 1 0 2 2 2 0 0 3 2 3 1 2 2 3 2
0 1 0 1 1 1 0 0 1 0 2 0 2 0 0 0 1 4 2 2 2 1 0 1 2
0 0 0 2 0 2 0 0 0 0 2 0 1 2 1 1 0 4 2 3 0 2 1 3 0
0 1 0 1 1 3 0 0 1 0 0 0 0 2 2 2 1 4 2 2 0 3 2 3 1
0 1 0 2 0 4 0 0 2 0 2 0 1 0 2 0 0 4 2 1 0 2 2 1 1
0 1 2 1 0 2 3 1 1 1 2 1 1 0 0 2 0 0 2 1 1 2 1 2 1
0 0 0 2 0 2 1 2 0 2 0 2 2 2 0 2 0 0 2 3 1 3 0 3 1
0 0 2 0 0 4 1 2 0 2 2 2 2 2 1 1 0 0 2 3 0 3 2 3 2
0 0 0 1 1 0 1 1 0 1 0 2 1 2 2 0 1 1 2 2 2 2 1 3 2
0 0 2 0 1 1 1 2 1 2 1 2 2 2 0 1 1 1 2 3 2 3 0 3 1
0 0 2 2 1 2 1 1 1 1 0 2 1 2 2 1 1 1 2 1 1 2 0 3 2
0 0 0 0 1 3 1 2 0 2 0 2 2 2 0 0 1 1 2 3 0 3 2 3 2
0 0 2 1 1 2 1 1 0 2 1 2 1 2 1 0 1 3 2 2 2 3 1 3 2
0 0 1 0 1 3 1 1 0 2 1 2 1 2 0 2 1 3 2 2 2 3 0 3 1
0 0 2 2 1 1 1 2 0 1 0 2 0 2 2 2 1 4 2 3 2 1 0 3 1
0 0 2 0 1 4 1 1 0 1 0 2 2 2 1 0 1 4 2 2 1 3 0 3 1
0 1 1 1 0 3 3 3 2 3 2 3 1 2 2 0 0 0 2 1 0 3 1 2 1
0 1 1 1 1 4 3 3 2 3 1 3 1 2 0 2 1 2 2 3 2 1 0 3 0
0 1 0 0 1 0 3 3 2 1 0 3 2 0 0 0 1 3 2 1 2 1 2 2 1
0 1 2 1 0 1 3 3 0 1 1 3 0 0 1 0 0 3 2 2 0 1 1 2 0
0 1 1 1 0 0 3 3 2 3 1 3 0 2 2 1 0 4 2 3 0 3 1 2 1
0 0 2 0 0 0 0 0 1 0 0 0 1 2 2 1 0 0 3 2 0 3 0 3 1
0 1 1 0 0 2 0 0 2 0 1 0 2 2 0 2 0 0 3 1 0 2 0 1 0
0 0 2 0 1 3 0 0 2 0 0 0 1 2 1 0 1 0 3 3 1 2 1 2 2
0 0 0 2 1 4 0 0 0 0 0 0 2 1 0 0 1 0 3 3 2 1 2 1 0
0 1 0 1 0 0 0 0 0 0 1 0 1 2 0 1 0 1 3 3 1 2 0 3 2
0 0 1 2 0 1 0 0 1 0 0 0 1 1 1 2 0 1 3 1 0 3 0 1 0
0 1 0 2 1 3 0 0 2 0 2 0 2 2 2 0 1 1 3 1 2 2 1 3 1
0 0 1 1 0 4 0 0 1 0 2 0 1 2 0 1 0 1 3 2 1 3 2 3 0
0 0 1 2 0 0 0 0 1 0 2 0 0 2 0 1 0 2 3 1 2 2 0 2 1
0 0 2 2 1 2 0 0 1 0 2 0 2 2 1 0 1 2 3 2 0 3 2 3 0
0 1 2 0 0 4 0 0 0 0 1 0 1 2 1 1 0 2 3 1 0 2 1 2 0
0 1 0 0 1 1 0 0 0 0 0 0 2 2 0 1 1 3 3 3 0 1 0 2 1
0 0 2 1 1 2 0 0 1 0 1 0 0 2 2 2 1 3 3 2 2 2 2 2 1
0 0 2 0 1 3 0 0 2 0 0 0 1 2 1 0 1 3 3 2 2 1 0 3 0
0 0 1 0 0 0 0 0 2 0 2 0 0 2 2 2 0 4 3 2 1 1 2 1 0
0 0 2 0 1 1 0 0 2 0 0 0 2 2 0 1 1 4 3 1 1 2 2 3 2
0 0 0 1 1 4 0 0 2 0 1 0 1 1 2 0 1 4 3 3 0 1 1 1 1
0 1 1 2 0 0 3 1 0 3 0 3 0 2 2 2 0 1 3 2 0 1 2 1 1
0 1 1 2 0 3 1 3 0 3 1 3 0 2 0 2 0 1 3 1 1 1 1 3 0
0 1 2 0 0 4 1 1 0 3 0 3 1 2 2 0 0 1 3 1 0 3 2 2 1
0 1 0 1 1 2 1 3 0 3 0 3 0 2 0 1 1 2 3 2 2 2 1 1 2
0 1 0 0 0 3 1 3 1 3 2 3 1 2 1 0 0 2 3 3 2 2 2 2 1
0 1 1 1 1 1 3 1 0 3 1 3 2 2 0 1 1 3 3 1 2 1 0 2 2
0 1 2 0 1 2 3 3 0 3 2 3 0 2 0 0 1 3 3 1 1 3 1 1 2
0 1 0 2 0 4 3 3 1 3 2 3 2 2 1 1 0 3 3 3 1 2 1 1 1
0 1 0 2 1 2 3 3 1 3 1 3 2 2 1 2 1 4 3 3 2 1 2 2 2
0 1 2 1 0 1 3 3 1 3 2 1 0 0 1 2 0 3 0 0 2 0 2 0 1
0 0 1 1 0 0 1 1 1 2 0 1 2 2 1 2 0 0 1 2 0 3 2 2 0
0 0 0 1 1 1 1 1 1 2 1 2 2 2 1 2 1 0 1 2 1 3 0 3 0
0 1 2 2 1 1 3 3 1 3 1 3 2 2 2 0 1 1 1 2 1 1 2 3 1
0 1 2 0 1 0 1 3 0 3 0 1 1 2 2 1 1 4 1 1 1 2 1 3 1
0 0 2 1 0 3 1 1 2 2 0 1 1 2 1 1 0 2 2 1 1 3 1 1 2
0 0 1 0 1 0 1 1 1 2 1 1 1 2 1 2 1 3 2 1 0 3 2 1 1
0 0 0 2 1 2 1 1 1 2 0 1 0 2 1 1 1 4 2 2 2 3 0 2 0
0 1 2 1 0 3 1 3 0 3 0 1 2 0 1 0 0 3 2 1 1 1 0 1 2
0 1 0 1 0 0 1 3 1 3 2 3 1 2 0 1 0 0 3 2 2 2 0 1 2
0 1 2 0 0 1 3 3 2 3 1 3 2 2 1 1 0 0 3 3 2 3 2 3 0
0 1 0 2 0 0 3 3 2 3 0 3 2 2 2 2 0 2 3 1 0 3 1 1 0
0 1 2 1 1 3 3 1 1 3 0 3 2 2 1 2 1 0 0 0 2 0 0 0 0
0 0 1 2 0 4 1 1 0 1 0 1 0 1 0 1 0 1 0 0 2 0 2 0 0
0 1 0 1 1 2 1 1 2 1 1 3 2 2 0 1 1 2 0 0 0 0 0 0 2
0 1 2 2 0 3 3 1 1 1 2 1 1 0 1 2 0 2 0 0 0 0 2 0 0
0 0 0 1 1 1 1 1 2 1 0 1 1 1 0 0 1 4 0 0 1 0 2 0 1
0 1 0 2 1 2 3 3 0 3 2 3 1 2 1 0 1 1 0 0 1 0 0 0 0
0 0 0 1 0 0 1 2 2 1 0 2 1 2 2 2 0 2 1 3 0 2 1 3 2
0 0 2 0 0 0 1 2 0 1 1 1 0 1 0 0 0 3 1 3 0 1 1 1 0
0 0 1 2 0 4 1 2 0 1 1 2 1 1 2 1 0 4 1 3 1 1 1 3 2
0 1 2 1 1 2 1 3 2 3 2 1 0 0 0 1 1 0 1 1 2 1 0 2 2
0 1 1 2 0 3 3 3 2 1 1 1 0 2 1 1 0 0 1 1 2 3 2 1 0
0 1 0 0 0 3 3 3 0 1 0 1 1 0 1 1 0 1 1 2 2 2 0 2 2
0 1 1 2 0 2 3 3 1 1 1 1 2 2 1 1 0 4 1 2 0 3 0 1 1
0 0 2 0 0 2 1 2 2 1 0 1 2 2 2 0 0 2 2 3 0 1 1 1 2
0 0 1 1 0 4 1 2 1 1 2 1 2 2 1 2 0 2 2 3 0 2 1 2 1
0 0 1 1 1 1 1 2 2 1 0 2 0 2 0 2 1 3 2 3 0 2 2 3 0
0 0 1 1 1 0 1 2 0 1 0 1 2 2 0 1 1 4 2 3 1 2 2 1 1
0 1 1 0 0 0 3 3 2 3 2 1 1 2 0 0 0 1 2 2 2 1 2 3 0
0 1 0 1 1 1 3 3 1 1 2 1 0 0 2 0 1 1 2 1 0 1 2 2 2
0 1 2 1 1 3 3 3 0 1 1 3 0 2 2 2 1 4 2 3 1 1 0 1 2
0 1 2 2 0 0 3 3 2 1 2 1 1 2 1 0 0 4 3 2 1 3 1 1 1
0 1 0 2 0 1 1 3 2 3 0 3 0 2 1 2 0 4 3 1 0 2 0 2 2
0 1 1 1 1 4 1 3 2 1 2 3 2 2 2 2 1 4 3 2 0 1 2 1 2
0 0 2 1 0 1 1 1 0 1 0 1 1 1 1 0 0 2 0 0 1 0 0 0 0
0 0 2 2 0 4 1 1 1 1 1 1 1 1 1 0 0 3 0 0 0 0 2 0 1
0 1 0 1 1 3 3 3 2 3 2 1 0 0 0 2 1 1 0 0 1 0 1 0 2
0 1 1 2 0 3 3 1 2 3 1 3 1 0 0 0 0 2 1 2 0 1 2 2 2
0 1 0 1 1 2 3 3 2 3 2 3 1 0 0 2 1 1 2 1 0 1 2 1 0
0 1 1 0 0 1 3 1 1 3 2 1 1 2 2 0 0 2 2 2 0 2 0 3 0
0 1 0 2 1 4 3 1 2 1 1 1 2 0 0 2 1 3 2 1 1 1 1 1 1
0 0 1 1 0 1 1 1 2 1 2 2 2 1 1 1 0 1 3 1 2 1 1 3 0
0 1 1 2 0 4 3 1 1 3 2 3 2 2 0 1 0 0 3 3 0 3 0 2 2
0 1 1 1 1 2 3 1 2 1 2 3 1 2 2 0 1 2 3 2 2 1 2 2 1
0 0 2 1 0 4 1 1 0 2 0 2 1 2 1 2 0 2 2 3 1 3 2 3 1
0 0 1 1 0 0 1 1 2 2 2 1 1 1 1 1 0 2 1 3 0 3 0 1 0
0 0 1 1 0 3 1 1 2 1 2 2 2 2 2 1 0 4 2 1 0 2 2 3 0
0 0 2 2 1 2 1 1 0 2 1 2 0 2 2 2 1 4 1 2 0 3 1 3 2
0 0 2 2 0 0 1 1 2 2 2 2 1 2 2 2 0 0 2 2 2 3 0 3 0
0 1 2 2 0 4 3 1 1 3 0 3 0 0 2 2 0 4 2 2 0 1 1 1 0
0 1 0 0 0 0 1 1 0 3 0 3 2 2 0 2 0 0 1 3 0 2 2 3 1
0 0 0 1 1 2 1 1 2 2 1 1 2 2 1 2 1 1 2 1 0 3 2 2 2
0 1 2 0 1 0 1 3 1 1 0 1 0 2 2 1 1 3 3 2 0 2 1 2 2
0 1 1 2 0 1 3 3 0 3 2 3 1 2 0 1 0 3 2 3 1 2 1 3 0
0 1 2 1 0 0 3 3 2 3 2 1 2 2 2 0 0 1 3 3 2 3 1 1 1
0 0 2 1 1 4 1 1 2 2 1 1 0 1 1 0 1 1 1 3 1 3 0 1 1
0 0 1 0 0 1 2 1 0 2 0 2 2 1 0 2 0 3 3 3 1 3 2 3 1
0 0 1 1 1 3 2 1 1 2 0 1 0 2 2 1 1 1 3 1 1 3 1 2 2
0 0 2 0 0 1 2 1 1 1 0 2 1 2 2 2 0 1 3 2 0 1 0 3 1
0 0 0 2 1 3 2 1 1 1 1 1 0 2 2 0 1 3 3 2 0 1 2 2 0
0 1 0 2 0 3 1 1 0 3 1 1 0 0 1 2 0 0 2 2 2 2 1 1 2
0 0 1 2 0 3 0 0 2 0 0 0 0 2 2 1 0 1 1 3 2 1 1 2 2
0 0 0 1 0 2 0 0 2 0 0 0 2 1 0 1 0 3 3 3 1 3 1 3 0
0 0 0 2 0 3 2 1 1 2 2 1 0 2 0 0 0 2 3 3 0 3 1 2 1
0 1 2 0 1 2 3 1 0 1 0 3 0 2 0 0 1 0 1 3 1 3 1 2 0
0 1 0 1 1 1 0 0 1 0 2 0 1 2 2 0 1 0 1 1 1 3 2 2 0
0 0 0 2 0 4 1 1 0 1 0 2 1 1 1 1 0 3 1 1 2 1 1 3 2
0 0 2 0 1 2 1 1 1 1 1 2 2 2 0 1 1 4 1 1 2 2 1 3 1
0 0 0 0 1 4 1 1 1 1 1 2 2 2 2 2 1 0 2 1 0 2 0 3 0
0 0 0 0 1 0 0 0 1 0 0 0 1 2 1 2 1 2 2 1 2 1 2 3 2
0 1 0 0 0 1 3 1 0 3 0 3 0 2 1 2 0 2 1 2 2 3 0 2 1
0 0 1 0 1 2 1 1 2 1 2 2 1 2 1 0 1 1 2 2 2 3 2 3 2
0 0 0 2 0 2 1 1 0 1 2 2 2 2 1 1 0 2 2 2 1 1 0 3 2
0 0 1 2 0 2 2 1 0 1 0 2 1 2 2 2 0 4 3 2 2 2 2 3 0
0 1 1 2 1 2 3 3 0 3 1 1 2 2 0 0 1 2 3 1 2 1 0 3 2
0 0 2 2 1 1 2 1 1 1 0 2 0 2 1 1 1 2 3 1 1 2 2 3 2
0 1 1 0 1 3 3 3 1 3 1 3 0 2 0 1 1 2 2 1 1 3 2 1 1
0 1 0 0 0 4 3 3 0 3 1 3 1 0 2 0 0 2 1 1 0 1 0 1 2
0 1 1 1 0 2 3 1 0 3 2 3 1 0 1 1 0 4 2 1 1 1 0 2 1
0 0 1 1 1 2 2 1 1 2 1 2 0 2 0 0 1 0 3 2 1 3 0 3 1
0 0 1 0 0 4 1 1 0 2 2 2 1 2 2 0 0 2 3 2 0 3 2 3 2
0 0 2 2 0 4 2 1 0 1 2 2 1 2 2 1 0 3 3 2 1 1 0 3 1
0 1 0 2 1 3 1 3 1 3 0 3 0 2 2 2 1 0 3 2 1 1 0 1 1
0 1 2 0 1 4 3 1 1 3 2 3 0 0 2 2 1 1 1 2 2 2 0 1 0
0 1 2 0 1 1 0 0 0 0 1 0 2 2 2 0 1 1 2 3 2 3 0 1 1
0 0 2 1 1 0 0 0 0 0 2 0 2 1 2 1 1 2 1 3 2 3 1 3 0
0 0 1 0 1 0 0 0 2 0 0 0 0 1 0 1 1 4 1 3 0 3 2 1 0
0 1 2 2 0 0 3 1 1 1 1 3 1 2 0 2 0 1 2 3 1 2 1 3 1
0 1 2 0 0 1 3 3 0 3 1 3 2 2 0 0 0 2 3 3 1 2 0 2 2
0 0 1 2 1 4 2 1 0 2 1 1 0 1 1 0 1 1 3 1 2 3 1 1 1
0 1 1 0 1 1 1 3 1 3 1 3 0 2 1 0 1 0 3 1 2 1 0 1 2
0 1 0 0 0 2 1 3 1 3 0 3 1 2 0 2 0 1 1 3 1 3 1 3 0
0 1 0 1 1 0 3 3 0 3 2 1 2 2 2 0 1 2 3 3 1 1 2 3 0
0 1 1 1 0 2 3 3 2 3 2 3 2 2 2 1 0 3 1 3 2 1 0 2 2
0 0 1 0 1 4 1 1 2 1 2 2 2 2 1 1 1 3 1 3 2 2 0 3 0
0 1 0 1 0 4 1 1 1 1 0 3 2 2 0 1 0 4 1 3 2 1 1 1 1
0 1 0 2 1 3 3 3 1 1 2 1 2 2 2 1 1 0 1 3 1 1 2 2 1
0 1 0 0 1 3 3 3 2 1 1 3 2 2 2 2 1 1 2 3 0 2 0 1 0
0 0 1 0 0 2 2 1 0 1 1 1 2 2 2 1 0 0 3 1 2 2 2 2 1
0 0 1 2 1 3 2 1 0 1 0 1 1 1 0 2 1 0 3 1 1 1 2 1 0
0 0 1 0 1 0 2 1 2 1 2 1 1 2 0 0 1 1 3 1 0 1 2 2 0
0 0 2 0 1 1 2 1 1 1 2 1 2 2 0 2 1 1 3 1 2 3 1 2 1
0 0 2 1 1 4 2 1 1 1 0 1 2 2 1 2 1 2 3 1 0 2 2 2 2
0 0 2 2 1 1 2 1 0 1 1 1 1 2 0 0 1 3 3 1 1 2 0 1 2
0 0 0 1 1 2 2 1 2 1 1 1 1 2 1 0 1 3 3 1 0 1 0 2 0
0 1 0 1 0 1 3 3 2 1 1 1 1 0 1 1 0 4 1 1 1 2 1 1 0
0 0 2 0 0 1 1 1 2 1 0 2 0 2 1 0 0 1 1 2 1 2 1 3 2
0 0 1 2 0 1 2 1 2 1 1 1 2 2 1 1 0 0 3 2 0 2 1 2 2
0 0 1 2 1 2 2 1 2 1 0 1 0 2 0 2 1 1 3 2 1 2 2 2 2
0 0 2 0 0 4 2 1 0 1 0 2 0 2 1 0 0 1 3 2 0 2 0 3 2
0 0 0 0 1 1 2 1 1 1 0 1 1 2 0 1 1 2 3 2 0 2 2 1 0
0 0 0 1 1 2 2 1 0 1 0 1 0 2 2 2 1 2 3 2 0 3 1 2 0
0 0 2 1 1 0 2 1 1 1 1 1 1 2 1 1 1 3 3 2 1 1 0 1 0
0 0 0 0 1 0 2 1 0 1 2 2 0 2 2 0 1 4 3 2 1 1 2 3 1
0 0 0 1 0 1 2 1 0 2 1 1 1 2 0 2 0 4 3 2 2 3 2 1 1
0 1 2 0 0 3 3 3 2 1 1 3 1 2 1 2 0 2 3 3 0 1 1 3 2
0 0 1 1 1 3 1 1 0 1 2 2 1 2 0 1 1 0 1 2 0 1 0 3 0
0 0 0 2 1 1 2 1 1 1 2 2 2 2 0 0 1 3 3 2 0 2 1 3 0
0 0 1 2 0 3 0 0 1 0 1 0 0 2 0 2 0 3 3 1 0 3 1 2 0
0 1 2 2 1 4 0 0 1 0 2 0 0 2 1 2 1 0 2 3 2 2 1 3 0
0 0 0 2 0 1 1 2 2 1 2 2 0 2 0 0 0 0 2 3 1 1 1 3 1
0 1 1 1 0 4 3 3 2 3 0 3 1 2 2 0 0 3 3 1 1 1 0 3 1
0 0 0 0 1 4 1 2 1 1 1 1 1 2 2 2 1 4 1 3 2 2 0 1 2
0 0 2 0 1 4 1 2 0 1 1 1 1 2 1 0 1 1 2 3 2 2 1 1 0
0 0 2 2 0 0 1 2 2 1 1 2 2 1 1 2 0 1 1 3 1 3 0 3 0
0 0 0 1 0 4 2 2 0 1 0 1 0 2 0 1 0 4 3 3 0 3 2 2 1
0 0 1 2 0 3 2 1 0 1 2 1 1 2 1 1 0 4 3 1 0 2 1 2 1
0 0 0 0 1 2 2 1 0 1 0 1 0 1 2 2 1 0 3 1 0 3 2 3 2
0 1 0 1 1 4 3 3 1 3 2 3 2 2 0 1 1 2 2 2 1 3 2 1 2
0 0 1 0 1 1 1 2 1 1 0 1 1 1 2 1 1 1 1 3 2 1 0 1 1
0 1 1 2 1 0 3 3 1 1 1 3 2 2 1 2 1 2 1 3 2 3 2 1 2
0 0 0 0 1 0 2 1 1 1 0 1 0 2 1 2 1 3 3 3 2 3 0 2 2
0 0 2 0 1 3 1 1 2 1 2 2 0 2 2 1 1 1 2 2 2 1 1 3 0
0 1 2 0 0 4 0 0 2 0 2 0 1 0 0 2 0 2 2 2 1 2 1 2 1
0 1 1 2 0 0 0 0 2 0 0 0 0 0 1 0 0 3 2 1 2 2 2 1 2
0 0 2 2 0 2 1 2 0 1 2 2 1 2 1 1 0 3 2 3 1 2 1 3 2
0 1 0 0 0 1 0 0 2 0 1 0 0 0 0 1 0 2 1 2 0 1 2 2 0
0 0 2 0 0 4 2 1 0 1 2 2 2 1 1 2 0 0 3 3 1 1 0 3 1
0 0 2 2 1 0 2 2 1 1 2 2 1 1 2 1 1 2 3 3 2 1 2 3 2
0 0 0 2 0 3 2 2 2 1 0 2 2 1 0 2 0 2 3 3 1 1 0 3 0
0 0 1 1 1 3 2 2 0 1 2 2 2 1 2 1 1 3 3 3 2 1 0 3 0
0 1 1 0 0 4 3 1 2 3 0 3 1 2 1 0 0 1 2 3 1 1 2 1 1
0 1 2 1 1 1 3 3 2 1 0 3 2 0 2 1 1 2 2 2 2 1 0 2 2
0 0 2 0 1 2 0 0 1 0 1 0 0 2 1 0 1 1 3 2 1 2 0 1 2
0 1 2 2 0 3 0 0 1 0 1 0 0 0 2 0 0 4 1 1 2 2 1 1 0
0 0 1 2 0 0 2 2 2 1 1 2 0 2 2 2 0 0 3 3 0 2 0 3 2
0 0 0 1 0 3 2 2 0 1 2 2 0 2 0 1 0 0 3 3 2 2 2 3 2
0 0 1 2 0 2 1 2 1 1 0 2 0 2 0 2 0 2 1 3 2 2 0 3 1
0 1 1 1 1 3 0 0 0 0 1 0 2 2 0 0 1 0 3 2 0 3 2 3 2
0 1 0 0 0 4 0 0 1 0 1 0 0 2 1 0 0 3 1 3 2 3 0 2 1
0 1 0 1 0 1 3 3 0 1 0 3 2 2 2 1 0 3 2 1 2 3 1 3 0
0 1 2 2 0 1 3 3 0 3 1 3 2 2 2 2 0 4 3 3 2 3 0 1 0
0 1 2 0 0 3 3 1 1 3 2 3 2 0 0 1 0 4 1 2 1 1 0 2 1
0 1 1 2 1 2 3 3 0 3 0 3 0 2 2 0 1 0 2 3 0 2 2 3 1
0 1 2 0 1 3 3 1 2 3 1 1 1 2 1 0 1 3 3 3 0 2 0 3 2
0 1 2 0 0 4 3 3 1 1 0 1 0 2 1 2 0 1 3 3 0 3 1 2 0
0 0 0 1 0 3 1 2 1 1 0 1 0 2 0 1 0 4 2 3 1 3 0 2 2
0 1 1 1 0 1 1 3 2 3 1 1 2 2 1 2 0 1 1 2 0 3 0 3 1
0 1 1 1 1 4 3 3 0 3 0 3 2 2 2 2 1 3 3 2 1 3 0 2 1
0 0 1 1 0 2 1 2 1 1 1 1 1 2 1 2 0 0 2 3 0 1 2 1 0
0 0 2 2 0 0 1 2 1 1 0 1 2 2 0 0 0 1 2 3 0 1 0 2 0
0 0 0 0 1 2 1 2 2 1 1 1 0 2 1 2 1 1 1 3 0 1 1 2 0
0 0 1 2 1 4 1 2 2 1 2 1 1 2 2 0 1 0 1 3 1 2 2 1 0
0 0 1 2 1 4 2 2 1 1 0 1 0 2 2 1 1 3 3 3 2 2 1 2 2
0 0 0 2 1 3 1 2 2 1 2 1 0 2 2 0 1 4 1 3 0 2 2 2 1
0 1 0 2 0 0 3 3 0 3 2 1 2 2 1 1 0 1 2 1 0 2 0 3 0
0 0 2 1 1 1 2 2 1 1 2 1 1 2 1 2 1 0 3 3 2 1 2 2 2
0 0 2 0 0 2 2 2 0 1 1 1 1 2 0 0 0 3 3 3 2 2 0 1 1
0 1 2 0 1 0 3 3 0 3 1 1 0 0 0 0 1 0 2 1 1 2 1 1 2
0 1 2 1 1 0 3 3 0 1 0 3 0 2 0 2 1 3 2 2 0 3 0 3 0
0 1 1 1 1 4 3 3 0 3 2 3 2 2 1 0 1 4 2 1 2 3 1 3 2
0 0 0 0 1 0 1 1 2 2 0 1 0 2 2 1 1 0 2 2 0 3 1 1 1
0 0 0 0 1 3 1 1 0 2 2 1 1 1 0 1 1 0 1 1 2 3 0 1 0
0 0 1 1 0 3 1 1 1 2 1 1 1 2 2 2 0 3 1 2 0 3 2 2 2
0 0 2 0 1 1 1 1 2 2 0 1 2 1 1 1 1 3 1 3 0 3 1 1 1
0 0 2 1 0 3 1 2 0 2 0 1 1 2 0 0 0 2 1 3 2 3 0 2 1
0 0 0 2 0 1 1 2 1 2 1 1 1 2 1 0 0 4 2 3 0 3 1 3 0
0 0 2 2 1 1 2 2 2 1 2 1 0 2 1 0 1 2 3 3 2 1 0 2 0
0 0 1 2 1 0 1 2 2 1 0 1 1 2 2 0 1 3 1 3 1 1 1 2 2
0 0 2 2 0 3 1 2 1 1 2 1 2 2 1 2 0 2 1 3 2 2 2 1 2
0 0 1 1 0 3 2 2 2 1 1 1 0 2 1 1 0 1 3 3 1 2 0 1 1
0 0 2 0 1 2 2 2 0 1 1 1 2 1 1 2 1 4 3 3 1 1 2 1 0
0 1 1 0 0 3 3 3 0 3 0 1 1 2 2 1 0 4 3 3 2 2 1 3 2
0 0 0 0 0 4 2 1 1 1 2 1 2 2 2 1 0 2 3 2 1 1 1 1 0
0 1 0 0 1 2 3 3 1 3 2 1 2 0 1 0 1 2 2 1 0 2 2 1 1
0 0 2 2 0 1 2 1 0 2 2 1 1 2 2 1 0 4 3 2 0 3 2 2 2
0 0 0 0 0 3 2 2 0 1 2 1 2 1 0 2 0 2 3 3 2 1 1 3 2
0 0 0 0 0 2 2 2 1 1 0 1 1 2 0 2 0 4 3 3 1 2 1 2 1
0 0 1 1 1 0 2 1 2 2 1 1 0 2 2 1 1 4 3 1 1 3 2 2 2
0 0 1 1 1 4 1 1 1 2 1 1 2 2 0 1 1 2 2 2 0 3 0 2 2
0 0 0 0 0 3 1 2 2 2 1 1 1 2 2 1 0 3 2 3 2 3 1 2 0
0 1 0 1 0 4 3 3 2 3 1 3 2 2 1 2 0 0 3 1 1 1 1 2 0
0 0 2 0 1 2 1 1 1 2 1 1 2 1 1 0 1 0 3 1 1 3 1 1 2
0 1 0 2 0 0 3 3 0 1 1 3 2 0 0 2 0 4 2 2 2 1 0 2 1
0 0 0 0 1 4 1 1 1 2 0 1 1 2 0 0 1 0 2 2 1 3 0 1 2
0 0 0 2 0 2 1 1 0 2 2 1 2 2 0 2 0 3 2 2 0 3 2 1 1
0 0 1 2 1 1 2 2 2 2 2 1 0 1 1 1 1 0 3 3 1 3 1 1 2
0 1 0 0 1 3 3 3 1 3 1 3 1 2 2 2 1 3 1 1 2 3 2 1 1
0 0 1 1 1 1 0 0 1 0 2 0 0 2 0 1 1 3 2 3 0 2 1 1 0
0 1 2 0 0 0 0 0 2 0 1 0 2 0 1 0 0 0 1 2 1 1 0 1 0
0 1 1 0 1 2 0 0 1 0 1 0 1 0 1 0 1 2 2 2 1 1 1 1 0
0 1 1 1 0 4 0 0 2 0 1 0 2 0 1 1 0 2 1 1 2 2 0 1 2
0 0 2 2 0 2 0 0 2 0 0 0 1 2 0 2 0 0 2 1 0 3 2 2 1
0 1 0 0 1 3 0 0 1 0 1 0 2 0 0 0 1 2 1 1 0 2 1 2 2
0 1 0 1 0 0 0 0 1 0 2 0 2 2 0 1 0 3 3 2 0 1 1 3 1
0 0 0 0 1 4 0 0 0 0 0 0 0 1 1 2 1 4 1 1 2 1 0 3 1
0 0 2 2 0 2 2 1 1 2 1 1 1 1 2 0 0 1 3 1 1 3 2 3 0
0 1 1 2 1 0 1 3 2 3 1 3 1 2 2 0 1 2 3 2 0 3 1 3 1
0 0 0 2 0 1 2 1 2 2 2 1 2 2 1 2 0 1 3 2 1 3 1 1 1
0 0 2 2 0 1 1 1 0 2 2 1 0 1 1 0 0 2 1 1 2 3 0 1 1
0 0 1 0 1 3 1 1 2 2 2 1 0 2 0 1 1 4 1 2 0 3 1 1 0
0 0 0 2 0 2 1 2 0 2 2 1 2 2 1 0 0 0 1 3 2 3 2 2 0
0 0 2 2 1 3 2 2 0 2 0 1 2 2 2 2 1 0 3 3 2 3 1 2 2
0 0 0 2 1 0 2 1 0 2 1 1 1 2 2 2 1 1 3 2 0 3 0 2 0
0 0 1 0 0 4 2 1 0 2 0 1 0 2 2 0 0 3 3 1 0 3 0 2 1
0 0 2 1 0 4 1 2 2 2 0 1 1 2 1 0 0 4 2 3 1 3 0 2 0
0 1 2 1 0 0 3 1 2 3 2 3 2 0 0 1 0 0 1 1 2 1 1 2 1
0 1 2 1 0 2 3 3 2 3 0 1 0 2 0 2 0 4 2 2 1 1 1 3 0
0 0 0 2 0 3 1 2 1 1 0 1 0 1 0 2 0 1 1 3 0 1 1 1 2
0 0 2 1 1 0 2 2 0 1 1 1 0 2 0 0 1 0 3 3 0 2 1 1 0
0 0 0 1 0 4 2 1 1 2 2 1 2 1 0 1 0 0 3 1 0 3 2 1 1
0 0 1 1 1 0 2 2 0 1 1 1 0 1 0 2 1 1 3 3 0 1 2 1 2
0 0 0 2 0 3 2 1 2 2 2 1 2 2 2 0 0 2 3 2 2 3 0 1 2
0 0 1 1 0 3 2 1 2 1 2 1 2 2 0 2 0 3 3 2 1 2 2 1 2
0 0 1 2 1 4 2 2 1 1 2 1 2 1 2 0 1 4 3 3 2 1 2 1 1
0 1 0 1 0 1 3 1 1 3 1 3 1 2 2 2 0 3 1 3 1 3 0 1 0
0 0 1 1 0 4 2 2 1 1 0 1 1 2 0 1 0 1 3 3 1 2 1 2 0
0 0 1 0 1 0 2 2 2 1 0 1 2 2 2 1 1 2 3 3 1 2 2 2 1
0 0 1 2 0 1 2 2 2 1 1 1 1 2 2 2 0 3 3 3 0 1 1 2 1
0 0 2 1 1 1 1 1 2 1 0 2 1 1 2 2 1 4 1 1 1 1 2 3 2
0 1 1 0 0 1 0 0 2 0 2 0 1 0 1 0 0 4 2 1 1 1 1 1 0
0 0 0 2 1 2 2 1 0 1 0 2 2 1 2 1 1 1 3 1 0 1 0 3 2
0 1 1 2 0 3 1 3 2 1 0 3 1 0 1 2 0 4 0 0 2 0 1 0 0
0 0 1 1 0 2 1 1 1 1 2 1 2 1 0 1 0 3 1 1 2 1 0 1 1
0 0 2 0 0 2 2 1 1 2 0 1 1 2 2 0 0 0 3 2 0 3 1 2 2
0 0 0 1 1 1 0 0 0 0 0 0 0 1 2 2 1 0 0 0 2 0 0 0 0
0 1 0 2 1 0 3 3 2 1 1 1 0 2 1 1 1 1 0 0 1 0 1 0 2
0 0 0 2 0 0 1 1 0 1 0 1 0 1 2 2 0 2 0 0 0 0 1 0 0
0 0 1 1 0 1 1 1 2 1 2 1 1 1 1 2 0 1 0 0 2 0 2 0 2
0 1 1 2 0 2 0 0 1 0 1 0 2 0 0 2 0 1 0 0 2 0 0 0 1
0 0 1 1 1 0 0 0 1 0 0 0 2 2 2 1 1 3 0 0 0 0 0 0 0
0 1 1 0 1 0 1 1 1 3 0 3 1 0 2 1 1 4 0 0 0 0 1 0 1
0 0 1 1 0 1 1 2 1 1 0 1 0 1 0 0 0 2 1 3 0 3 1 1 0
0 1 2 0 0 0 1 1 1 3 2 3 2 0 0 2 0 3 0 0 1 0 1 0 1
0 1 2 2 1 2 3 3 2 3 1 1 2 0 2 0 1 3 0 0 0 0 2 0 0
0 1 2 1 0 3 0 0 1 0 0 0 2 0 1 2 0 0 2 2 1 2 0 1 1
0 1 0 1 1 1 0 0 1 0 0 0 1 2 2 1 1 1 2 3 2 2 2 3 0
0 1 0 1 0 0 1 1 2 3 0 1 2 0 0 2 0 4 1 1 2 2 2 2 2
0 1 0 0 1 2 0 0 2 0 1 0 1 0 2 1 1 1 2 1 2 1 2 1 0
0 0 0 0 0 0 2 2 2 2 0 2 0 1 2 0 0 3 3 3 1 3 2 3 2
0 1 2 1 0 0 0 0 0 0 1 0 1 0 2 0 0 1 1 2 2 2 2 2 2
0 1 2 2 1 4 1 3 1 3 1 3 1 2 1 0 1 0 3 3 2 3 1 3 1
0 0 1 0 1 3 2 1 1 2 2 2 1 1 2 1 1 2 3 1 1 3 1 3 2
0 1 2 2 0 4 3 3 0 3 2 1 1 2 0 0 0 4 2 3 1 2 0 3 0
0 1 2 1 0 2 3 3 0 3 0 3 1 2 0 1 0 1 3 2 1 3 0 2 1
0 1 2 0 1 4 1 3 1 3 1 3 1 0 1 1 1 3 2 2 0 2 2 1 0
0 0 0 2 0 0 2 1 1 2 1 2 1 1 1 0 0 3 3 1 1 3 0 3 1
0 1 2 0 1 3 3 3 2 1 1 3 2 0 0 2 1 2 0 0 2 0 0 0 1
0 1 2 1 0 4 3 3 1 1 2 3 2 2 2 1 0 2 2 2 0 2 1 3 1
0 1 0 0 0 2 0 0 2 0 2 0 0 0 1 0 0 0 0 0 1 0 1 0 1
0 1 1 0 0 1 1 1 0 3 1 3 1 0 2 0 0 3 0 0 1 0 2 0 2
0 0 2 1 0 2 0 0 0 0 1 0 2 1 2 1 0 4 0 0 2 0 0 0 2
0 0 0 2 0 4 0 0 0 0 2 0 1 1 0 2 0 0 0 0 0 0 2 0 0
0 1 0 2 1 3 1 3 0 1 2 3 1 0 1 0 1 3 0 0 2 0 0 0 2
0 0 0 0 0 4 1 2 1 1 2 2 1 2 0 0 0 3 2 3 0 1 1 3 0
0 0 2 0 1 2 2 1 1 2 1 2 2 2 1 0 1 4 3 2 0 3 0 3 1
0 1 1 0 0 3 3 3 0 3 0 3 1 0 2 2 0 1 2 1 1 2 2 2 2
0 0 0 0 0 1 1 1 0 2 0 2 1 2 0 2 0 0 2 2 1 3 2 3 2
0 1 1 2 0 1 3 3 0 3 0 3 0 0 1 0 0 1 2 1 2 1 2 1 2
0 1 1 1 0 0 1 3 1 3 1 3 0 2 0 0 0 1 1 3 2 2 0 3 1
0 1 1 2 1 4 0 0 2 0 1 0 0 2 1 1 1 1 3 2 1 1 0 3 1
0 0 2 0 1 3 1 2 2 1 2 1 2 1 0 2 1 3 3 3 1 1 2 1 2
0 0 1 0 0 2 2 2 1 2 2 1 1 2 1 1 0 1 3 3 0 3 0 2 0
0 0 0 1 1 1 1 2 2 2 2 1 0 2 0 1 1 1 2 3 1 3 1 2 1
0 0 2 2 1 2 2 1 2 2 2 2 0 1 1 0 1 2 3 1 2 3 1 3 1
0 0 1 2 1 3 0 0 2 0 0 0 2 1 2 1 1 3 1 3 0 3 1 3 1
0 1 2 0 1 1 3 1 2 3 1 3 0 0 1 1 1 4 2 2 1 2 2 1 2
0 1 2 0 0 2 0 0 0 0 2 0 2 0 1 1 0 3 1 2 2 1 0 2 2
0 0 0 0 1 4 0 0 1 0 2 0 0 1 0 2 1 1 0 0 2 0 2 0 2
0 0 1 0 0 3 1 1 2 2 0 2 0 1 1 1 0 0 1 1 1 3 2 3 1
0 0 0 1 1 0 2 2 1 2 2 2 1 1 1 2 1 4 3 3 0 3 1 3 0
0 1 2 1 0 3 0 0 0 0 2 0 2 0 1 2 0 4 2 2 0 2 1 2 0
0 0 0 1 0 2 1 1 2 1 1 2 2 2 0 1 0 3 1 2 2 2 0 3 0
0 0 0 0 0 4 1 1 0 2 2 1 2 2 1 1 0 1 1 1 0 3 1 2 0
0 0 0 1 1 2 1 1 0 1 0 2 2 2 2 1 1 2 1 2 1 2 1 3 1
0 0 2 2 0 0 0 0 0 0 0 0 2 1 0 1 0 4 0 0 2 0 2 0 1
0 0 0 0 1 0 1 1 0 2 2 2 2 2 2 0 1 2 2 1 1 3 2 3 2
0 1 1 2 0 2 0 0 1 0 2 0 2 0 0 2 0 4 2 1 0 1 0 2 0
0 0 2 0 1 1 1 1 2 2 1 2 0 1 0 1 1 2 1 1 2 3 2 3 0
0 0 0 1 0 4 1 1 0 2 1 2 2 1 2 2 0 4 3 1 2 3 1 3 0
0 0 1 1 1 2 2 2 1 2 2 1 0 1 2 1 1 2 3 3 1 3 0 1 2
0 0 1 1 0 0 1 2 1 2 2 1 0 1 0 1 0 3 1 3 2 3 2 3 0
0 1 0 2 0 1 3 1 1 1 2 3 2 2 0 1 0 4 3 3 0 3 2 2 1
0 1 2 2 0 2 0 0 2 0 0 0 1 2 0 1 0 2 3 3 1 2 2 2 1
0 0 0 1 1 3 1 1 0 1 0 1 1 1 0 0 1 1 0 0 1 0 2 0 0
0 1 0 0 1 1 0 0 0 0 0 0 2 0 2 1 1 0 1 1 0 2 0 1 1
0 1 1 1 0 3 3 1 0 3 0 3 0 0 1 0 0 4 1 1 0 1 1 1 1
0 1 0 0 1 4 3 1 1 3 2 3 2 0 2 1 1 0 1 2 0 1 2 1 0
0 0 2 2 1 0 1 1 1 1 1 2 2 1 2 2 1 2 3 1 0 1 0 3 2
0 0 1 1 0 0 1 1 1 1 0 1 1 1 1 0 0 0 0 0 1 0 2 0 1
0 0 1 2 0 3 1 1 0 1 1 1 0 1 2 0 0 0 0 0 2 0 1 0 1
0 1 0 1 0 0 0 0 1 0 0 0 2 0 0 1 0 4 1 2 2 1 1 1 0
0 0 0 2 0 1 2 1 0 2 2 1 2 2 1 2 0 3 3 1 2 3 0 2 2
0 1 1 1 1 3 1 1 0 1 2 1 1 0 2 0 1 2 2 1 0 2 1 1 2
0 0 2 0 0 1 0 0 1 0 1 0 1 1 0 1 0 0 3 1 2 1 1 1 0
0 0 0 0 0 3 2 1 0 2 1 2 0 1 0 0 0 4 3 1 1 3 0 3 2
0 0 1 1 1 0 0 0 2 0 2 0 2 1 2 2 1 0 0 0 2 0 2 0 0
0 0 1 0 0 1 0 0 1 0 2 0 1 1 2 1 0 2 0 0 2 0 0 0 2
0 1 1 1 1 1 3 3 2 3 2 3 1 0 1 2 1 0 2 2 2 2 0 2 2
0 1 2 2 0 2 3 3 1 3 2 3 0 2 2 0 0 0 1 1 1 3 1 3 2
0 0 0 2 0 4 2 1 2 2 0 2 0 1 1 0 0 1 3 1 1 3 2 3 1
0 0 1 1 0 3 2 1 1 2 2 2 1 1 0 2 0 1 3 1 0 3 0 3 1
0 0 2 0 1 4 1 2 1 1 1 1 1 1 0 1 1 0 3 3 0 3 0 1 2
0 0 1 1 1 2 2 1 0 2 2 2 0 1 2 0 1 3 3 3 0 3 2 3 2
0 1 1 1 0 3 3 1 2 1 0 1 0 0 2 2 0 3 0 0 0 0 2 0 1
0 0 0 1 0 4 2 2 2 1 1 1 1 2 1 0 0 2 3 3 0 1 1 2 1
0 1 1 0 1 1 1 3 0 3 2 1 0 0 1 2 1 2 0 0 0 0 2 0 2
0 1 1 0 1 4 0 0 1 0 0 0 0 0 0 0 1 4 0 0 1 0 0 0 0
0 1 0 2 0 4 1 1 1 3 0 1 1 2 0 2 0 2 0 0 0 0 1 0 2
0 0 0 2 0 1 1 1 1 1 1 1 2 1 0 0 0 1 0 0 0 0 1 0 0
0 1 0 2 1 1 3 1 0 1 2 3 2 2 2 1 1 4 0 0 1 0 0 0 0
0 1 2 2 1 2 1 1 2 1 2 3 2 0 1 1 1 1 1 2 2 2 1 1 2
0 1 1 2 0 4 1 1 2 1 2 1 0 0 2 1 0 2 2 1 0 2 1 1 0
0 0 0 2 1 3 2 2 0 2 1 2 1 1 2 0 1 4 3 3 1 3 2 3 1
0 1 0 0 0 2 3 3 0 3 1 3 1 2 0 1 0 3 2 3 1 2 2 2 1
0 0 2 0 1 3 2 2 2 2 1 1 2 1 1 1 1 3 3 3 0 3 0 1 2
0 0 1 2 0 4 2 2 2 2 2 1 0 1 2 2 0 1 3 3 0 3 2 1 0
0 0 1 0 1 0 1 2 1 1 0 2 0 2 2 0 1 4 2 3 2 1 0 3 2
0 0 2 0 0 2 2 1 0 1 0 1 0 1 2 2 0 4 3 1 0 3 1 1 0
0 0 1 0 1 2 0 0 0 0 0 0 1 1 1 1 1 3 0 0 1 0 0 0 0
0 0 0 2 0 1 0 0 1 0 1 0 2 1 2 2 0 1 1 3 0 1 2 1 0
0 0 0 1 1 1 2 1 0 2 0 1 2 1 1 1 1 2 3 1 2 3 1 1 0
0 0 1 2 0 2 1 1 2 1 0 1 0 2 2 2 0 0 0 0 1 0 0 0 1
0 0 1 1 0 2 0 0 1 0 0 0 0 1 0 2 0 0 1 1 0 1 1 3 2
0 1 0 1 0 3 3 1 2 3 0 3 2 0 2 2 0 0 2 1 0 1 2 1 0
0 1 1 1 1 4 3 1 1 1 1 1 1 0 2 1 1 1 1 1 2 1 2 2 2
0 0 0 0 0 2 0 0 0 0 0 0 0 1 0 2 0 2 0 0 1 0 0 0 2
0 0 2 2 0 3 0 0 1 0 1 0 0 1 1 1 0 2 0 0 1 0 0 0 2
0 0 2 1 0 4 0 0 2 0 2 0 1 1 1 2 0 2 0 0 2 0 1 0 2
0 0 0 1 1 1 1 1 0 1 1 2 0 1 1 2 1 3 3 1 1 1 2 3 1
0 1 0 2 1 1 1 1 2 3 0 1 2 0 2 2 1 1 1 2 2 2 0 2 1
0 1 2 1 0 4 1 1 0 3 1 3 2 0 2 1 0 4 1 1 2 2 2 2 0
0 0 1 0 1 2 0 0 1 0 1 0 2 1 2 1 1 2 1 1 2 3 0 3 0
0 1 1 0 0 0 1 1 1 3 0 3 2 0 1 1 0 0 2 1 0 2 2 1 0
0 1 1 1 1 2 3 3 2 1 0 3 2 0 0 0 1 0 1 2 2 1 1 1 0
0 1 1 1 1 4 0 0 2 0 1 0 0 0 0 1 1 0 0 0 0 0 1 0 0
0 1 0 2 1 3 3 3 1 3 1 3 0 0 2 1 1 1 0 0 2 0 2 0 2
0 1 1 1 0 0 3 3 0 3 2 3 1 0 1 2 0 4 2 1 1 1 2 1 2
0 0 2 0 1 0 0 0 1 0 1 0 0 1 2 2 1 0 3 3 0 3 0 3 2
0 0 2 0 1 3 1 1 1 1 2 1 2 1 2 0 1 4 0 0 0 0 0 0 0
0 1 2 1 1 0 1 1 0 1 0 3 0 0 0 1 1 3 1 2 1 2 1 2 0
0 0 0 2 0 1 0 0 0 0 1 0 2 1 0 2 0 4 3 3 1 3 0 1 1
0 1 0 0 1 0 0 0 2 0 0 0 2 0 2 0 1 2 0 0 0 0 1 0 1
0 1 0 0 0 3 0 0 1 0 0 0 1 0 2 2 0 4 1 2 2 2 2 2 0
0 0 1 0 0 0 1 1 2 1 0 1 1 1 1 2 0 3 0 0 0 0 0 0 1
0 0 2 2 1 3 1 1 0 1 2 1 1 1 2 2 1 3 0 0 0 0 2 0 1
0 0 2 1 0 4 0 0 2 0 1 0 2 1 0 2 0 3 3 1 1 3 1 1 2
0 0 1 0 0 3 2 1 0 2 2 1 0 1 1 0 0 4 3 3 2 3 2 1 1
0 1 2 1 1 2 3 1 1 1 0 1 0 0 0 0 1 2 1 2 2 2 2 1 2
0 0 0 0 0 1 1 2 1 2 0 1 2 1 0 2 0 0 1 3 2 3 1 1 1
0 0 0 0 1 3 0 0 0 0 0 0 1 1 0 2 1 0 0 0 1 0 0 0 0
0 0 2 0 0 1 0 0 0 0 0 0 2 1 1 1 0 3 0 0 1 0 1 0 0
0 0 0 0 1 1 2 2 2 2 0 1 1 1 1 2 1 1 3 3 2 3 1 1 0
0 0 2 2 1 4 1 2 1 2 0 2 1 1 1 0 1 2 1 3 0 3 0 3 0
0 1 1 0 1 0 0 0 2 0 1 0 1 2 1 2 1 2 2 3 2 3 1 2 1
0 0 2 2 0 0 2 2 2 2 2 1 2 1 0 0 0 2 3 3 1 3 1 1 1
0 0 2 0 1 2 2 2 0 1 2 1 0 2 2 1 1 3 3 3 0 2 1 3 1
0 0 2 2 1 0 0 0 2 0 1 0 1 1 2 0 1 4 3 3 1 3 0 1 1
0 1 0 0 0 4 1 3 0 1 1 3 2 2 0 0 0 3 0 0 2 0 1 0 2
0 1 1 2 0 1 1 3 1 3 2 3 0 2 1 1 0 0 0 0 0 0 2 0 2
0 1 0 2 1 4 0 0 0 0 2 0 1 0 2 0 1 3 1 2 0 1 0 1 1
0 0 1 0 1 0 2 2 0 1 2 2 1 1 0 1 1 0 3 3 1 1 0 3 0
0 0 2 1 1 0 2 2 0 1 1 2 1 2 0 2 1 3 3 3 2 2 1 3 2
0 1 0 2 1 3 0 0 2 0 2 0 2 2 2 1 1 0 2 2 1 1 1 3 2
0 0 2 2 1 4 0 0 0 0 2 0 2 1 2 2 1 1 0 0 1 0 0 0 2
0 1 0 2 0 0 1 1 2 3 1 3 2 2 2 1 0 3 2 1 2 3 0 3 2
0 1 0 0 0 2 1 3 2 1 1 3 1 0 2 2 0 4 0 0 0 0 1 0 2
0 1 2 1 1 4 1 3 1 3 2 3 0 0 2 2 1 0 1 1 1 2 2 2 0
0 0 0 2 0 4 2 1 1 2 1 1 1 2 1 2 0 4 3 1 2 3 0 2 2
0 0 0 1 1 3 1 1 2 2 2 1 2 2 0 2 1 4 2 2 1 3 1 1 1
0 1 2 2 0 1 3 3 0 3 2 3 1 2 2 0 0 1 1 1 1 3 0 3 2
0 0 1 0 0 3 1 1 2 2 2 2 0 2 1 2 0 2 3 3 2 3 2 3 0
0 0 0 2 1 0 2 1 1 2 0 1 1 2 1 1 1 1 3 2 1 3 0 1 2
0 0 1 2 1 3 1 2 2 1 0 2 2 2 2 0 1 3 1 3 1 2 2 3 0
0 0 2 2 0 1 2 2 2 1 2 2 0 2 1 2 0 2 3 3 2 2 0 3 1
0 0 0 0 0 0 1 2 1 2 1 2 1 2 0 0 0 1 3 3 2 3 0 3 2
0 1 1 1 1 0 3 1 0 3 2 1 0 2 0 0 1 4 0 0 1 0 1 0 2
0 1 2 0 0 3 1 3 2 3 0 3 2 2 1 1 0 3 2 1 2 2 2 3 0
0 0 2 1 0 1 1 2 2 2 0 1 2 2 0 0 0 3 2 3 2 3 2 1 1
0 0 1 0 0 1 1 2 2 2 2 2 0 2 0 1 0 4 2 3 2 3 1 3 2
0 1 1 1 1 3 3 3 1 1 1 3 2 0 1 0 1 1 0 0 1 0 1 0 2
0 1 1 2 1 4 0 0 2 0 0 0 1 2 2 0 1 2 2 2 2 2 2 2 2
0 1 2 2 1 0 3 3 0 3 2 3 1 0 1 1 1 2 0 0 1 0 2 0 1
0 1 0 1 0 3 3 1 2 3 0 1 2 2 1 1 0 2 1 2 0 3 0 2 2
0 1 0 1 0 0 1 1 0 1 2 3 0 0 1 0 0 1 0 0 0 0 1 0 1
0 1 0 2 1 0 0 0 1 0 1 0 1 0 1 1 1 1 0 0 2 0 2 0 0
0 1 2 0 1 4 3 1 0 3 1 1 2 2 2 2 1 3 2 2 2 1 2 2 2
0 1 1 0 0 3 0 0 0 0 0 0 0 0 2 1 0 1 1 2 0 1 0 2 1
0 0 1 2 0 1 0 0 2 0 0 0 1 2 2 0 0 4 3 1 0 3 1 1 1
0 0 2 1 1 0 2 2 0 2 0 2 0 2 0 1 1 3 3 3 0 3 2 3 1
0 0 2 1 1 3 2 1 2 2 2 1 0 2 2 1 1 1 3 2 2 3 0 2 1
0 0 2 0 1 2 1 2 0 1 1 1 1 2 2 0 1 1 3 3 1 2 1 3 2
0 0 0 1 0 2 1 2 0 2 1 1 2 2 1 2 0 4 3 3 2 3 2 1 0
0 1 2 0 0 2 1 3 0 3 1 3 2 2 2 0 0 1 3 1 1 3 2 1 1
0 0 1 1 0 1 1 2 1 1 1 2 1 2 0 2 0 3 2 3 0 3 0 3 1
0 1 2 0 0 4 1 1 1 1 1 3 2 2 2 2 0 1 0 0 2 0 0 0 1
0 1 0 1 1 4 0 0 1 0 1 0 2 0 2 1 1 1 2 2 1 1 1 1 2
0 1 1 1 0 2 3 1 1 1 2 1 1 0 2 2 0 3 1 1 2 1 1 1 2
0 0 1 0 0 1 1 1 2 1 2 1 2 2 2 0 0 4 0 0 2 0 1 0 2
0 1 0 1 0 2 0 0 2 0 2 0 0 2 1 1 0 4 2 1 1 3 2 2 2
0 0 2 0 0 0 2 2 2 2 2 2 2 1 0 0 0 0 3 3 0 3 2 3 2
0 1 1 2 1 1 1 3 0 1 0 1 1 2 0 2 1 3 3 1 1 3 0 3 0
0 0 0 0 0 3 2 2 1 1 2 1 1 2 0 0 0 0 3 3 0 1 2 3 1
0 1 0 1 1 2 0 0 0 0 0 0 2 2 1 2 1 0 2 3 0 3 1 1 2
0 1 1 2 0 3 1 1 0 1 1 1 1 0 2 1 0 3 1 2 1 1 2 2 1
0 1 2 1 1 3 0 0 1 0 2 0 1 0 1 2 1 2 2 2 0 2 1 2 0
0 0 2 1 0 0 0 0 0 0 1 0 2 2 2 0 0 0 2 3 2 2 0 2 2
0 0 1 0 1 2 1 1 0 1 2 2 0 2 0 2 1 1 3 2 2 3 0 3 0
0 0 0 0 0 0 1 1 0 2 0 2 2 2 2 2 0 2 3 1 2 3 1 3 0
0 1 2 2 1 3 0 0 0 0 1 0 2 2 2 2 1 2 1 3 0 2 0 3 1
0 1 0 1 0 4 0 0 1 0 2 0 1 2 2 0 0 4 1 3 2 2 1 2 2
0 0 1 0 0 4 1 2 0 1 2 1 2 2 1 2 0 0 3 3 0 3 1 2 1
0 0 1 2 0 1 2 1 2 1 0 2 0 1 0 1 0 0 3 3 1 3 2 3 1
0 0 2 0 1 4 2 2 1 1 1 1 0 2 0 1 1 0 3 3 2 1 2 1 2
0 1 2 0 0 2 3 3 1 1 1 3 2 2 0 2 0 1 0 0 1 0 0 0 2

