MFT generation 13 -> 13, 0 ms

System Name: ProcessorComm1.model
Parameters: 15, Constraints: 13, Tests: 31, Covered: 1058
93ms, validity verified: true

Test Set:
0 0 2 1 1 1 0 1 2 0 2 0 2 1 2
0 0 1 0 2 0 0 1 0 0 2 1 1 2 2
0 1 0 2 0 2 1 1 2 0 2 2 3 1 1
0 1 0 0 1 0 2 0 2 0 3 1 2 1 2
0 0 1 1 2 1 1 1 1 0 3 2 1 0 3
0 1 2 2 2 2 2 0 0 0 0 3 0 3 0
0 1 0 0 0 0 0 0 1 0 1 0 3 0 0
0 0 2 1 0 1 2 0 0 1 0 1 3 2 3
0 0 1 2 1 2 0 1 1 1 1 3 1 1 1
0 1 0 0 2 0 1 0 2 1 2 0 0 3 3
0 0 1 2 0 2 1 0 0 1 3 2 2 2 0
0 0 1 1 1 0 2 1 1 2 0 0 1 3 1
0 1 2 2 0 1 1 0 1 2 1 1 0 0 2
0 1 0 0 1 2 2 1 0 2 2 3 2 0 3
0 0 2 0 2 1 0 0 2 2 3 2 3 3 2
0 1 0 1 1 1 1 1 2 3 0 2 0 1 0
0 0 2 1 2 0 2 0 0 3 1 3 2 2 1
0 0 1 2 0 2 0 1 1 3 2 0 3 3 3
0 0 1 0 2 1 0 0 2 3 3 1 0 0 1
0 1 0 2 1 0 2 0 2 3 3 0 1 2 0
0 0 1 0 1 0 2 0 1 0 1 2 2 3 3
0 0 2 1 0 2 1 0 2 1 3 3 3 0 2
0 0 1 0 0 1 0 1 2 3 0 3 2 0 2
0 0 1 1 0 1 0 0 1 2 2 2 0 2 0
0 1 2 0 0 2 1 1 2 2 1 1 1 3 0
0 0 1 2 2 1 0 1 0 2 2 0 0 1 3
0 0 1 1 1 0 0 0 1 1 3 1 3 2 3
1 1 0 0 0 0 0 1 2 0 0 0 0 0 0
1 0 1 1 1 1 1 0 2 1 1 1 0 0 0
1 0 2 2 2 2 2 1 2 2 2 2 0 0 0
1 0 1 1 1 1 0 1 2 3 3 3 0 0 0

