MFT generation 130 -> 147, 32 ms

System Name: Storage3.model
Parameters: 15, Constraints: 129, Tests: 2154, Covered: 475377
1500ms, validity verified: true

Test Set:
0 0 1 1 1 0 1 1 1 1 1 1 1 1 1
0 0 0 0 2 1 0 0 0 0 0 0 2 2 0
0 1 1 0 3 0 0 1 0 1 0 1 3 0 0
0 1 1 1 4 1 1 0 1 0 1 0 4 1 1
0 2 0 2 1 2 1 1 0 1 1 0 0 2 0
0 2 0 0 2 3 1 0 1 0 0 1 1 0 1
0 2 0 1 3 4 0 1 1 0 1 0 2 1 0
1 3 0 3 0 5 1 0 1 1 1 0 3 0 1
1 4 1 4 4 5 0 1 0 0 0 1 0 0 0
1 5 0 3 1 5 0 1 0 0 0 1 4 0 1
1 6 1 4 2 5 1 0 1 1 1 0 1 0 0
0 7 1 0 0 0 0 0 0 0 0 1 4 2 0
0 7 0 1 3 1 1 1 1 1 1 0 0 0 1
0 2 1 0 1 2 0 0 0 1 0 1 2 1 1
0 2 0 0 2 4 1 0 0 1 1 1 0 1 1
0 2 1 1 2 2 1 1 1 0 0 1 3 2 1
0 2 1 1 3 3 0 0 0 1 1 0 4 2 0
0 2 1 2 1 3 0 1 1 0 0 1 3 1 1
0 2 0 2 3 4 0 0 0 0 0 1 1 2 0
1 4 0 3 2 5 1 0 1 1 1 0 2 0 0
1 6 0 3 4 5 0 1 0 0 0 1 3 0 1
1 3 0 4 1 5 0 1 0 0 0 1 4 0 0
1 5 0 4 0 5 1 0 1 1 1 0 2 0 0
0 1 1 1 0 1 0 1 1 1 1 1 1 1 1
0 2 1 2 2 2 0 0 0 0 0 0 4 0 1
1 3 1 3 3 5 1 0 1 1 1 1 0 0 1
1 4 0 4 3 5 0 0 1 0 1 1 3 0 1
0 0 1 0 4 0 1 0 1 1 1 0 0 2 0
0 1 1 0 1 1 1 1 0 1 0 0 2 2 0
0 2 0 2 1 4 0 0 1 0 1 1 3 0 1
0 1 0 1 2 0 0 0 0 0 0 1 0 2 0
0 2 0 1 3 2 0 1 1 1 0 0 1 2 0
0 0 1 1 0 0 0 1 1 0 1 0 4 0 0
1 4 1 3 0 5 0 0 1 1 0 0 1 0 0
1 6 0 4 0 5 0 1 1 1 1 1 0 0 1
1 4 1 3 1 5 0 0 0 0 1 0 4 0 0
1 6 1 3 1 5 0 1 0 0 1 1 2 0 1
0 7 0 0 1 1 1 1 0 1 1 1 3 1 0
1 3 1 4 2 5 0 1 1 0 0 1 1 0 0
1 5 0 4 2 5 0 1 0 1 0 0 3 0 1
0 7 0 0 2 0 0 0 1 0 0 1 2 1 0
0 0 0 0 3 1 1 1 1 0 0 0 3 1 1
1 5 0 3 3 5 1 1 0 0 1 0 0 0 0
1 6 0 3 3 5 1 1 1 1 1 0 4 0 0
1 3 0 3 4 5 0 1 1 1 1 1 2 0 0
1 5 0 3 4 5 0 0 1 1 0 1 1 0 0
0 7 1 0 4 0 1 0 0 0 0 1 1 0 1
0 2 0 2 3 3 1 0 1 1 1 1 2 0 1
0 2 0 1 1 3 1 1 1 1 1 1 0 0 1
0 2 0 1 2 4 1 1 1 0 1 0 4 2 0
0 0 0 1 1 1 0 0 0 0 0 1 0 2 1
0 7 1 1 4 0 0 1 0 1 1 0 3 1 0
0 1 1 0 0 1 1 0 0 0 1 0 0 0 1
0 0 0 0 1 0 1 0 0 1 0 0 4 0 1
0 2 1 0 1 3 0 1 0 0 1 0 1 2 1
0 2 0 0 1 4 1 1 1 1 0 0 2 2 1
0 2 0 1 1 2 1 0 1 0 1 1 4 1 0
0 2 0 1 1 4 1 0 0 1 0 0 1 0 0
0 2 0 0 2 2 1 0 0 0 1 0 3 1 0
0 0 0 1 2 1 1 1 0 1 1 1 1 0 0
0 2 1 1 2 3 1 1 0 0 0 0 2 1 0
0 2 1 2 2 3 1 0 1 1 0 0 0 2 0
0 2 0 2 2 4 0 1 0 1 0 0 2 1 0
0 2 1 0 3 2 1 1 0 0 1 1 4 1 1
0 2 1 0 3 3 0 0 0 0 0 0 0 1 0
0 2 0 0 3 4 1 0 0 1 0 0 3 2 0
0 0 1 1 3 0 1 1 0 1 1 1 2 2 1
0 2 1 2 3 2 1 0 1 1 1 0 3 1 0
0 1 1 0 4 1 0 1 0 0 0 0 1 2 0
0 0 1 0 0 0 1 0 0 1 0 0 1 1 0
0 7 1 1 0 0 1 1 1 1 0 0 2 2 1
1 5 0 3 0 5 1 1 0 0 0 1 4 0 1
1 6 1 3 0 5 1 0 0 0 0 0 0 0 0
1 3 1 4 0 5 0 1 0 0 1 0 3 0 1
1 4 0 4 0 5 1 1 0 1 0 1 4 0 1
0 1 0 1 1 0 0 0 1 0 1 1 2 0 1
0 7 1 1 1 0 0 0 1 0 0 0 0 1 1
1 3 1 3 1 5 1 0 0 1 0 0 1 0 1
1 4 0 4 1 5 1 1 1 0 1 0 1 0 1
1 5 0 4 1 5 1 0 1 1 0 1 0 0 1
1 6 1 4 1 5 1 0 1 0 0 0 3 0 0
0 1 1 0 2 1 0 1 1 1 0 1 4 1 0
0 7 0 1 2 1 0 0 1 1 1 1 3 2 1
1 3 1 3 2 5 1 1 0 0 1 0 4 0 1
1 5 0 3 2 5 0 0 0 0 0 1 2 0 1
1 6 0 3 2 5 0 1 0 1 0 1 0 0 0
1 4 1 4 2 5 0 1 0 0 0 1 2 0 1
0 7 0 0 3 0 0 0 1 0 1 0 1 1 0
0 1 1 1 3 1 1 0 1 0 1 1 3 2 1
1 4 1 3 3 5 1 1 1 1 0 0 0 0 1
1 3 1 4 3 5 1 0 0 0 0 0 2 0 0
1 5 0 4 3 5 0 0 1 1 1 1 4 0 1
1 6 1 4 3 5 0 1 0 0 0 1 1 0 1
0 0 1 1 4 0 0 0 0 1 0 1 3 0 1
1 4 0 3 4 5 1 1 1 1 1 0 4 0 0
1 3 0 4 4 5 1 0 0 1 0 0 0 0 1
1 5 0 4 4 5 1 1 1 0 1 0 1 0 1
1 6 1 4 4 5 1 0 1 1 0 0 2 0 1
0 1 1 0 0 0 1 1 1 0 0 0 3 2 0
0 0 1 0 2 0 0 1 1 1 1 0 3 1 1
0 1 1 0 4 0 0 1 0 1 0 1 4 1 1
0 0 1 1 0 0 1 1 0 1 1 1 0 2 1
0 2 0 0 1 4 0 1 1 0 0 1 0 0 0
1 3 1 3 1 5 0 0 1 0 1 1 0 0 0
1 3 0 4 2 5 0 0 1 1 0 0 0 0 0
0 2 1 2 3 2 0 1 1 0 1 1 0 0 0
1 6 1 4 3 5 1 0 1 1 0 1 0 0 0
0 1 1 1 4 1 0 1 1 1 0 1 0 1 0
1 5 0 3 4 5 0 0 0 1 0 0 0 0 1
1 3 0 4 0 5 1 0 1 0 1 1 1 0 0
0 2 1 2 1 2 1 0 0 1 1 1 1 0 1
0 2 0 2 2 2 0 1 1 0 1 0 1 1 1
1 4 1 3 2 5 1 1 0 0 1 1 1 0 0
1 3 0 3 3 5 0 1 1 0 1 1 1 0 0
0 0 1 1 4 0 0 1 1 0 0 1 1 2 1
0 1 1 0 0 1 0 0 0 0 1 1 2 1 0
1 3 0 3 0 5 0 0 0 0 0 0 2 0 1
0 2 1 2 1 3 0 0 0 0 1 1 2 2 0
1 3 1 4 1 5 1 0 1 1 0 1 2 0 0
0 1 1 0 3 1 0 1 1 0 0 0 2 0 0
1 4 1 3 3 5 0 1 0 1 1 0 2 0 0
0 0 1 0 4 0 0 0 1 0 0 1 2 1 1
0 1 1 1 4 1 1 1 0 1 1 0 2 0 1
0 1 1 1 0 1 0 0 1 1 0 1 3 2 0
0 0 0 1 1 0 1 0 1 1 1 1 3 2 0
1 3 1 3 1 5 1 1 0 0 0 1 3 0 0
0 2 0 2 2 3 0 0 0 1 1 0 3 2 0
1 3 0 3 2 5 0 0 0 1 1 1 3 0 0
1 3 1 3 3 5 0 0 1 0 1 1 3 0 1
0 1 1 0 4 1 1 1 1 1 1 1 3 1 1
1 3 1 4 4 5 1 1 0 0 1 0 3 0 0
0 2 0 2 1 3 1 1 1 0 1 1 4 2 1
1 4 1 4 2 5 0 1 0 0 1 0 4 0 0
0 2 0 2 3 4 1 0 0 1 0 1 4 1 1
1 3 0 4 4 5 0 0 1 1 1 1 4 0 1
0 0 0 1 2 1 1 0 1 0 1 0 0 1 0
0 2 1 0 2 2 1 0 1 1 0 1 0 2 1
0 0 1 1 3 0 0 0 1 1 0 1 0 0 0
0 2 0 1 3 4 0 0 1 0 1 0 0 2 1
0 1 1 0 1 1 1 0 1 1 1 1 1 0 0
0 1 0 0 2 0 1 1 0 1 1 0 1 2 1
0 2 0 0 2 4 1 1 1 1 1 0 1 1 1
0 0 0 0 3 1 1 1 0 1 0 1 1 0 1
0 2 0 1 3 3 0 1 0 1 1 0 1 1 0
0 2 0 1 2 2 1 1 0 0 1 0 2 0 0
0 2 1 2 3 2 0 1 1 0 1 1 2 2 1
0 2 1 1 1 2 0 1 0 0 0 0 3 0 1
0 2 0 1 2 4 0 1 0 1 1 1 3 1 1
0 2 1 0 3 3 0 0 0 1 1 0 3 0 0
0 1 1 1 0 1 0 1 0 0 0 0 4 2 1
0 1 1 1 1 1 1 0 0 0 0 1 4 0 1
0 2 0 0 1 4 0 0 0 1 0 0 4 1 1
0 0 0 1 2 0 0 0 1 1 0 1 4 2 0
0 2 1 0 2 3 1 0 0 1 0 1 4 1 0
0 0 1 0 3 0 0 0 1 0 0 1 4 1 0
0 1 1 0 3 1 0 1 1 0 0 0 4 1 1
0 2 0 1 3 2 0 0 0 0 0 1 0 1 1
0 2 0 2 2 4 0 0 0 0 0 1 0 1 1
0 2 1 0 3 2 1 1 1 0 0 1 1 0 0
0 2 1 2 2 3 1 0 0 1 0 0 1 2 1
0 2 0 0 2 3 0 1 1 0 0 1 2 0 0
0 2 0 1 2 3 1 1 1 0 1 1 3 2 0
1 3 0 4 0 5 0 1 1 1 0 1 0 0 1
1 4 0 4 0 5 1 0 1 0 1 0 0 0 0
1 5 0 3 0 5 0 0 1 0 0 0 0 0 0
0 7 1 0 0 0 1 0 0 1 1 1 0 1 0
0 1 0 0 1 0 1 1 1 1 1 0 0 1 1
1 4 0 4 1 5 1 1 0 1 0 1 0 0 0
1 6 0 3 1 5 0 0 0 1 1 0 0 0 0
1 4 0 3 2 5 0 0 0 0 1 1 0 0 1
1 5 0 4 2 5 1 1 1 1 1 0 0 0 0
0 7 1 0 2 0 1 1 0 0 0 0 0 2 0
0 1 0 0 3 0 1 1 0 0 1 1 0 1 0
1 6 1 3 4 5 0 0 0 0 1 1 0 0 0
0 7 1 0 4 0 1 0 1 1 0 1 0 2 1
1 5 0 4 0 5 0 0 0 1 1 0 1 0 0
1 6 0 3 0 5 1 0 0 1 1 1 1 0 0
0 7 1 1 0 0 0 1 0 1 0 0 1 2 1
1 5 0 3 1 5 1 0 1 1 1 0 1 0 0
1 6 1 3 1 5 0 1 0 0 0 0 1 0 0
0 7 0 1 1 1 1 0 1 0 0 1 1 2 1
1 5 0 3 2 5 0 1 1 0 1 0 1 0 0
0 7 1 1 2 0 0 1 0 0 0 0 1 0 0
0 1 1 1 3 0 1 1 1 0 1 0 1 0 0
1 4 1 4 3 5 0 1 1 1 1 1 1 0 1
1 5 0 3 3 5 1 1 0 1 0 0 1 0 1
1 3 1 3 4 5 0 1 0 0 0 1 1 0 1
1 4 0 3 4 5 1 0 0 0 1 0 1 0 1
1 6 1 3 4 5 0 0 1 0 0 1 1 0 0
0 0 1 0 0 0 1 1 0 0 1 1 2 0 0
1 4 0 4 0 5 0 1 1 0 0 0 2 0 1
1 6 0 4 0 5 1 1 0 0 1 1 2 0 0
0 0 0 0 1 0 1 0 0 0 1 0 2 2 1
1 4 0 3 1 5 1 1 1 0 0 0 2 0 0
1 5 0 3 1 5 0 1 0 1 0 0 2 0 1
0 7 0 0 1 1 0 0 0 0 1 0 2 0 1
0 1 1 0 2 1 0 1 0 1 1 1 2 0 0
1 3 1 4 2 5 0 1 0 0 1 1 2 0 1
1 6 0 4 2 5 0 0 0 0 0 1 2 0 1
1 5 0 4 3 5 1 0 0 0 0 0 2 0 1
1 6 1 3 3 5 0 1 0 0 1 1 2 0 1
0 7 1 1 3 0 1 1 0 1 0 1 2 2 0
1 4 1 3 4 5 1 1 1 1 0 0 2 0 0
1 5 0 3 4 5 1 1 1 0 1 1 2 0 1
0 7 1 1 4 0 0 1 1 1 1 1 2 2 1
0 0 1 1 0 0 1 1 0 0 1 1 3 1 0
1 4 1 3 0 5 1 1 0 1 0 0 3 0 0
1 5 0 3 0 5 1 0 1 0 1 1 3 0 0
1 6 0 4 0 5 0 0 1 1 1 0 3 0 0
0 7 1 0 0 0 0 1 1 0 0 0 3 0 1
0 1 1 0 1 1 1 1 0 0 0 0 3 0 1
1 4 1 3 1 5 1 0 1 0 1 1 3 0 1
1 5 0 4 1 5 0 0 1 0 1 1 3 0 0
0 1 0 1 2 0 0 0 0 1 0 0 3 2 1
1 4 0 3 2 5 0 1 1 1 1 0 3 0 1
1 6 1 4 2 5 0 0 0 1 0 1 3 0 0
1 5 0 3 3 5 0 1 1 0 0 0 3 0 1
1 6 0 3 3 5 1 0 0 0 0 0 3 0 1
0 7 0 0 3 1 1 1 1 1 1 1 3 0 0
1 4 0 4 4 5 1 0 0 1 1 1 3 0 1
1 5 0 3 4 5 1 0 1 0 1 0 3 0 0
1 3 1 4 0 5 1 0 1 0 0 0 4 0 1
1 6 1 4 0 5 0 0 0 0 0 0 4 0 1
1 6 1 4 1 5 0 1 1 0 1 1 4 0 0
0 7 0 1 1 1 1 1 1 1 0 0 4 1 1
1 5 0 3 2 5 0 0 1 0 0 0 4 0 0
1 6 0 3 2 5 0 0 0 0 1 1 4 0 1
0 7 0 1 2 1 0 1 0 0 1 1 4 0 1
1 3 1 3 3 5 1 0 1 0 1 1 4 0 1
1 4 0 3 3 5 0 0 0 0 0 1 4 0 1
0 7 0 1 3 0 1 0 0 1 1 0 4 1 1
0 0 1 1 4 0 0 0 1 0 0 0 4 2 0
1 5 0 4 4 5 1 0 0 1 1 0 4 0 1
1 6 0 4 4 5 0 0 0 0 0 0 4 0 1
0 7 1 0 4 0 1 0 1 1 0 1 4 2 1
0 0 0 0 1 1 1 1 0 1 0 0 4 2 0
0 1 1 0 4 1 0 1 1 0 0 0 1 1 0
0 0 1 0 0 0 0 1 1 0 1 1 4 1 0
0 1 1 1 4 0 1 1 1 1 1 0 3 2 1
0 2 0 2 2 4 0 0 1 1 1 1 2 0 0
0 2 1 2 1 3 0 0 0 0 0 1 4 0 0
0 2 0 0 3 4 0 0 0 1 1 1 4 0 0
0 2 0 2 1 2 0 1 1 1 1 0 4 2 1
0 1 0 1 3 0 0 1 0 0 0 0 4 1 1
0 0 0 1 3 1 0 0 0 1 1 0 4 1 0
0 1 1 1 0 0 0 0 1 1 0 0 0 0 1
0 1 1 1 2 1 1 0 0 0 0 0 1 1 1
0 7 1 0 1 0 0 1 0 1 1 1 1 2 0
0 7 0 0 2 1 1 1 1 1 1 0 1 1 1
0 1 1 1 0 1 1 1 1 0 0 0 0 1 0
0 0 0 0 1 1 0 1 1 1 1 0 0 1 0
0 2 0 0 1 2 0 0 1 1 1 0 0 0 0
0 2 0 0 1 3 0 0 1 1 0 0 0 2 1
0 2 1 1 1 2 1 0 0 0 0 0 0 2 0
0 2 0 1 1 4 1 1 0 0 1 1 0 1 0
0 2 0 2 1 3 1 0 0 0 1 0 0 1 1
0 2 0 2 1 4 1 1 1 1 0 1 0 2 1
0 0 0 0 2 1 0 1 0 0 0 1 0 0 1
0 2 1 0 2 3 0 1 0 1 1 1 0 0 1
0 2 1 1 2 2 0 0 1 1 1 1 0 0 0
0 2 1 1 2 3 0 0 1 0 1 1 0 1 1
0 2 0 1 2 4 1 1 0 0 0 0 0 0 1
0 2 1 2 2 2 1 1 0 1 0 1 0 1 0
0 0 0 0 3 1 0 1 1 1 1 1 0 2 0
0 2 1 0 3 2 0 0 0 1 1 0 0 2 1
0 2 0 0 3 4 1 1 1 1 0 1 0 1 0
0 2 0 1 3 3 1 1 1 0 0 1 0 2 1
0 2 1 2 3 3 1 1 0 1 0 0 0 2 1
0 2 0 2 3 4 1 1 0 0 1 0 0 0 0
0 1 1 0 4 1 0 0 0 1 1 1 0 0 0
0 0 1 1 4 0 1 1 0 0 1 0 0 1 1
0 1 1 0 0 1 1 0 1 1 1 0 1 2 0
0 2 0 0 1 2 1 0 0 0 0 0 1 2 1
0 2 0 0 1 4 0 0 1 0 0 1 1 1 1
0 2 1 1 1 2 0 0 0 1 1 0 1 1 0
0 2 1 1 1 3 1 0 1 1 0 1 1 2 0
0 2 0 2 1 3 1 1 1 1 0 1 1 1 0
0 2 0 2 1 4 1 1 0 0 1 0 1 2 0
0 2 1 0 2 2 0 0 0 1 0 0 1 0 0
0 2 1 1 2 2 0 1 1 0 1 1 1 2 1
0 2 1 1 2 3 0 0 1 1 0 0 1 0 1
0 2 0 1 2 4 0 0 0 1 0 1 1 2 1
0 2 0 2 2 4 1 1 1 0 0 1 1 0 0
0 2 1 0 3 3 1 0 1 1 1 1 1 2 0
0 2 0 0 3 4 1 0 1 0 1 0 1 0 1
0 0 0 1 3 1 0 0 1 0 1 0 1 1 1
0 2 0 1 3 4 1 1 0 1 0 1 1 1 0
0 2 1 2 3 2 1 1 0 0 0 0 1 1 0
0 2 1 2 3 3 0 1 1 1 0 0 1 0 1
0 1 1 1 4 1 1 0 1 1 0 1 1 0 0
0 1 1 1 0 1 0 0 1 1 1 1 2 2 1
0 2 0 0 1 3 1 1 1 1 1 0 2 1 1
0 0 0 1 1 1 1 0 1 1 0 1 2 1 0
0 2 0 1 1 2 1 0 1 1 0 0 2 2 0
0 2 1 1 1 3 0 0 0 1 0 0 2 0 1
0 2 0 1 1 4 0 0 0 0 1 1 2 2 1
0 2 0 2 1 2 1 1 1 0 0 1 2 1 1
0 2 0 2 1 4 1 0 0 0 1 0 2 1 1
0 2 1 0 2 2 1 1 1 1 1 0 2 2 1
0 2 0 0 2 4 0 1 0 0 0 1 2 2 0
0 0 1 1 2 0 1 0 1 1 1 0 2 0 1
0 1 1 1 2 1 1 1 1 0 1 1 2 1 1
0 2 0 1 2 4 1 0 1 1 0 1 2 2 0
0 2 0 2 2 2 1 0 0 1 0 1 2 2 0
0 2 1 2 2 3 0 1 1 1 0 0 2 1 1
0 0 0 0 3 0 1 1 0 1 1 0 2 1 0
0 2 0 0 3 2 0 0 0 1 0 1 2 0 1
0 2 0 0 3 3 1 1 0 0 0 0 2 2 1
0 2 0 0 3 4 1 0 0 1 0 0 2 0 1
0 1 1 1 3 1 1 0 0 1 0 1 2 1 1
0 2 1 1 3 2 1 1 0 1 1 0 2 1 0
0 2 1 1 3 3 0 0 1 0 1 1 2 0 0
0 2 0 2 3 4 1 1 1 1 0 0 2 2 0
0 1 1 0 4 1 1 0 0 0 1 1 2 2 0
0 1 1 0 0 1 0 0 0 1 0 0 3 1 1
0 0 1 0 1 0 0 1 1 0 0 1 3 0 0
0 2 1 0 1 2 0 1 1 1 1 1 3 2 0
0 2 0 0 1 3 1 0 0 0 0 1 3 2 1
0 2 0 0 1 4 1 1 1 0 0 0 3 1 0
0 1 1 1 1 1 0 0 1 0 0 0 3 1 0
0 2 1 1 1 3 1 0 0 1 0 0 3 1 0
0 2 0 1 1 4 0 1 1 1 1 0 3 2 0
0 2 0 2 1 2 1 1 0 1 0 1 3 2 1
0 1 1 0 2 1 1 1 0 0 1 1 3 2 0
0 2 0 0 2 3 0 1 1 1 0 0 3 1 1
0 2 0 0 2 4 1 0 1 1 1 0 3 0 1
0 2 1 2 2 2 1 1 0 0 1 0 3 0 0
0 2 0 2 2 4 1 1 1 0 0 1 3 2 0
0 2 0 0 3 2 0 0 1 0 0 1 3 0 1
0 0 0 1 3 0 0 0 0 0 1 0 3 1 0
0 2 0 1 3 2 1 1 0 1 1 0 3 0 1
0 2 0 1 3 3 1 0 1 0 0 1 3 1 1
0 2 0 1 3 4 0 1 1 0 0 1 3 0 1
0 2 1 2 3 3 0 1 0 0 0 1 3 2 0
0 2 0 2 3 4 0 0 0 1 1 0 3 1 1
0 0 1 0 4 0 0 0 0 0 0 0 3 2 0
0 1 1 1 4 1 0 1 0 1 0 0 3 2 1
0 1 1 0 0 1 1 1 1 1 1 1 4 0 0
0 2 1 0 1 2 0 0 1 1 0 1 4 0 0
0 2 0 0 1 3 0 1 1 1 1 0 4 0 1
0 0 1 1 1 0 1 1 0 0 1 1 4 1 1
0 2 0 1 1 3 0 1 1 0 0 0 4 1 1
0 2 0 1 1 4 0 0 1 1 0 1 4 2 1
0 2 0 2 1 4 1 1 1 1 0 0 4 0 0
0 0 1 0 2 0 1 1 0 0 1 1 4 0 1
0 2 0 0 2 2 1 1 0 1 0 0 4 2 0
0 2 0 0 2 4 0 1 0 0 1 1 4 1 1
0 2 1 1 2 2 0 1 1 1 1 0 4 1 1
0 2 0 1 2 3 1 1 0 1 1 0 4 0 0
0 2 1 2 2 3 1 1 1 1 1 1 4 2 0
0 2 0 2 2 4 0 0 1 0 1 1 4 1 0
0 2 0 0 3 3 1 1 1 0 0 1 4 2 1
0 2 0 1 3 2 0 0 1 1 0 0 4 0 0
0 2 0 1 3 4 0 0 0 0 0 1 4 1 1
0 2 1 2 3 2 1 0 0 0 1 1 4 2 0
0 2 1 2 3 3 0 1 0 1 1 0 4 1 1
0 1 1 0 4 1 0 0 1 0 1 0 4 0 0
0 0 1 0 0 0 0 0 1 0 0 0 0 2 1
0 7 1 1 0 0 0 1 0 0 1 1 0 2 0
1 3 1 3 0 5 1 1 0 1 1 1 0 0 0
1 4 1 3 0 5 0 1 0 0 1 1 0 0 1
1 5 0 4 0 5 1 1 0 1 1 1 0 0 1
0 7 0 0 1 1 1 1 0 0 0 0 0 2 0
0 1 1 1 1 1 0 1 1 1 1 1 0 2 1
1 4 1 3 1 5 1 0 1 1 0 1 0 0 1
1 5 0 3 1 5 0 1 1 0 1 1 0 0 0
1 3 1 4 1 5 1 1 0 0 1 0 0 0 1
1 6 1 4 1 5 1 1 0 1 1 0 0 0 1
0 1 1 0 2 1 1 0 1 1 1 0 0 2 1
0 7 0 1 2 1 0 0 0 1 0 1 0 1 0
1 3 1 3 2 5 1 0 1 1 0 1 0 0 1
1 5 0 3 2 5 0 0 0 1 1 1 0 0 0
1 4 1 4 2 5 1 0 1 1 0 1 0 0 1
1 6 1 4 2 5 1 1 0 0 1 0 0 0 1
0 7 0 0 3 0 0 1 0 0 0 1 0 0 1
0 1 1 1 3 1 0 0 1 1 1 0 0 1 1
1 6 0 3 3 5 0 0 1 0 1 0 0 0 1
1 3 0 4 3 5 0 1 0 1 0 0 0 0 1
1 4 0 4 3 5 1 0 0 0 1 0 0 0 0
1 5 0 4 3 5 0 0 1 1 0 1 0 0 0
0 7 1 1 4 0 0 0 1 0 1 0 0 0 0
1 3 0 3 4 5 1 1 1 0 1 0 0 0 0
1 4 0 3 4 5 0 0 1 1 1 0 0 0 0
1 5 0 4 4 5 1 1 1 1 0 1 0 0 0
1 6 0 4 4 5 1 1 1 1 1 1 0 0 0
0 7 1 0 0 0 1 1 1 0 1 1 1 0 1
0 0 1 1 0 0 0 0 0 0 0 1 1 0 0
1 3 1 3 0 5 0 1 0 1 1 0 1 0 0
1 5 0 3 0 5 1 1 1 0 0 1 1 0 1
1 4 1 4 0 5 1 1 0 1 0 1 1 0 0
1 6 0 4 0 5 0 1 1 0 0 0 1 0 1
0 0 0 0 1 1 0 0 0 1 1 0 1 2 0
0 1 0 1 1 0 0 0 0 0 0 1 1 2 0
1 4 1 3 1 5 0 1 0 1 0 1 1 0 1
1 3 1 4 1 5 0 0 0 1 0 0 1 0 1
1 5 0 4 1 5 0 1 0 0 0 1 1 0 0
1 6 0 4 1 5 1 1 1 1 0 1 1 0 1
0 0 1 0 2 0 1 0 1 0 0 1 1 1 0
1 3 0 3 2 5 1 0 0 1 0 0 1 0 1
1 6 1 3 2 5 0 1 1 0 1 0 1 0 1
1 4 0 4 2 5 0 0 0 1 0 0 1 0 0
1 5 0 4 2 5 1 0 0 0 0 1 1 0 1
0 1 1 0 3 1 0 0 0 1 0 0 1 2 0
0 7 0 1 3 1 0 1 0 0 0 1 1 1 1
1 4 1 3 3 5 1 0 0 0 0 1 1 0 0
1 6 0 3 3 5 1 0 1 1 1 0 1 0 1
1 3 1 4 3 5 1 1 1 1 0 0 1 0 0
1 5 0 4 3 5 0 0 1 0 1 1 1 0 0
0 0 1 0 4 0 1 1 1 1 1 0 1 0 0
0 7 1 1 4 0 1 0 1 1 1 0 1 1 0
1 3 0 4 4 5 1 0 0 1 1 1 1 0 0
1 4 1 4 4 5 0 0 1 0 0 1 1 0 1
1 6 0 4 4 5 1 1 0 0 1 0 1 0 1
0 7 1 0 0 0 1 0 1 0 1 0 2 2 0
0 0 1 1 0 0 0 0 1 1 1 0 2 1 1
1 4 1 3 0 5 1 0 0 1 1 1 2 0 1
1 5 0 3 0 5 0 1 1 0 0 1 2 0 0
1 6 0 3 0 5 0 0 1 1 1 0 2 0 0
1 3 1 4 0 5 1 1 1 1 1 0 2 0 1
0 7 1 1 1 0 1 1 0 0 1 0 2 1 0
1 3 0 3 1 5 1 0 0 1 1 0 2 0 1
1 4 1 4 1 5 0 0 0 1 1 0 2 0 0
1 5 0 4 1 5 0 1 1 0 1 1 2 0 1
1 6 0 4 1 5 1 0 1 0 0 1 2 0 0
0 7 0 1 2 1 1 1 0 1 0 1 2 2 1
1 3 1 3 2 5 1 0 1 0 0 0 2 0 0
1 6 1 3 2 5 1 1 1 1 0 0 2 0 0
1 5 0 4 2 5 1 1 1 1 1 1 2 0 0
0 7 0 0 3 1 0 0 1 1 1 0 2 2 1
1 3 0 3 3 5 1 0 1 1 0 1 2 0 1
1 5 0 3 3 5 0 0 0 1 1 1 2 0 0
1 4 0 4 3 5 1 1 1 0 0 1 2 0 0
1 6 0 4 3 5 0 0 1 1 1 0 2 0 0
0 7 1 0 4 0 1 1 0 0 0 0 2 1 1
0 0 1 1 4 0 1 0 0 1 0 0 2 1 0
1 6 0 3 4 5 0 0 0 1 1 0 2 0 0
1 3 0 4 4 5 0 0 0 0 0 0 2 0 0
1 4 0 4 4 5 0 0 0 0 1 1 2 0 1
1 5 0 4 4 5 0 1 0 0 0 1 2 0 0
0 0 1 0 0 0 0 0 0 1 1 1 3 2 1
0 7 1 1 0 0 1 0 0 0 0 0 3 0 0
1 6 1 3 0 5 0 1 1 1 1 1 3 0 1
1 4 1 4 0 5 0 0 0 0 0 0 3 0 0
1 5 0 4 0 5 1 1 0 0 0 1 3 0 1
0 7 0 1 1 0 1 0 1 1 0 0 3 0 0
1 5 0 3 1 5 0 1 0 1 1 0 3 0 0
1 6 0 3 1 5 0 1 1 1 1 1 3 0 0
1 3 0 4 1 5 0 0 1 1 0 0 3 0 1
1 4 0 4 1 5 0 1 0 0 0 1 3 0 0
0 7 0 0 2 0 1 0 1 0 1 1 3 0 0
0 0 0 1 2 1 1 0 1 0 1 0 3 0 0
1 5 0 3 2 5 1 0 0 0 0 1 3 0 0
1 6 1 3 2 5 1 1 1 0 1 1 3 0 1
1 3 1 4 2 5 1 1 1 1 1 0 3 0 1
1 4 1 4 2 5 1 0 0 0 0 1 3 0 1
0 7 1 1 3 0 0 0 1 0 0 0 3 2 1
1 4 1 3 3 5 1 1 0 1 0 0 3 0 0
1 3 1 4 3 5 1 1 0 1 1 1 3 0 0
1 5 0 4 3 5 1 0 0 1 1 1 3 0 1
1 6 1 4 3 5 0 1 1 1 1 0 3 0 1
0 7 1 0 4 0 1 0 0 0 0 1 3 2 0
1 3 1 3 4 5 0 0 1 1 0 1 3 0 1
1 4 1 3 4 5 0 1 1 0 0 0 3 0 0
1 5 0 4 4 5 0 1 0 1 0 1 3 0 1
1 6 1 4 4 5 1 0 1 1 1 0 3 0 0
0 7 1 1 0 0 1 1 1 0 1 0 4 1 0
1 3 0 3 0 5 0 0 0 1 1 0 4 0 0
1 4 1 3 0 5 0 0 1 1 0 1 4 0 0
1 6 0 3 0 5 1 1 1 0 0 1 4 0 1
1 5 0 4 0 5 0 1 1 1 1 0 4 0 0
0 1 0 0 1 0 0 0 1 1 1 1 4 2 0
0 7 1 0 1 0 0 1 1 1 1 0 4 0 0
1 3 1 3 1 5 1 0 1 1 0 0 4 0 0
1 6 0 3 1 5 1 0 0 1 0 1 4 0 1
1 4 0 4 1 5 1 0 1 0 0 0 4 0 1
1 5 0 4 1 5 1 1 1 0 1 0 4 0 0
0 7 1 0 2 0 0 0 1 1 1 0 4 1 1
0 1 0 1 2 0 1 0 1 0 0 0 4 0 0
1 4 0 3 2 5 1 0 1 1 0 1 4 0 1
1 3 0 4 2 5 1 0 1 1 0 1 4 0 0
1 5 0 4 2 5 1 1 0 1 0 1 4 0 1
1 6 1 4 2 5 1 1 0 1 0 0 4 0 0
0 7 0 0 3 1 0 1 1 0 1 1 4 2 0
1 5 0 3 3 5 1 1 0 0 1 1 4 0 0
1 3 1 4 3 5 0 1 0 1 0 0 4 0 0
1 4 1 4 3 5 1 1 1 0 1 1 4 0 1
1 6 1 4 3 5 0 0 0 1 0 1 4 0 0
0 0 1 0 4 0 1 1 0 0 1 1 4 1 0
0 7 1 1 4 0 0 1 0 1 0 0 4 0 0
1 3 1 3 4 5 0 0 0 0 0 0 4 0 1
1 5 0 3 4 5 0 1 1 0 1 1 4 0 0
1 6 1 3 4 5 1 1 1 1 1 1 4 0 0
1 4 1 4 4 5 0 0 0 0 1 0 4 0 1
0 0 0 1 1 0 1 0 0 0 1 0 0 0 0
0 0 1 1 2 0 0 0 0 1 1 1 0 1 1
0 1 1 0 4 0 0 0 1 0 1 0 0 0 1
0 1 1 0 0 0 0 0 0 0 0 1 1 1 1
0 0 0 0 3 0 1 0 0 0 0 0 1 2 1
0 1 1 1 4 0 1 0 0 1 1 1 1 1 1
0 1 1 0 0 0 1 1 0 1 0 0 2 1 1
0 1 0 0 2 0 1 1 0 1 0 0 2 2 0
0 1 0 1 3 0 0 0 1 0 1 0 2 2 1
0 0 0 1 3 1 0 1 1 0 0 0 2 0 1
0 1 1 1 4 0 0 1 0 0 1 0 2 1 0
0 1 0 0 1 0 1 1 0 0 1 1 3 1 1
0 0 0 1 1 1 0 1 0 1 0 1 3 2 1
0 1 1 1 0 0 1 0 0 1 1 1 4 1 1
0 0 0 1 2 1 1 0 1 0 1 0 4 1 1
0 2 1 2 1 3 0 0 0 1 0 0 0 0 0
0 2 0 2 2 3 1 1 1 0 1 1 0 0 0
0 1 1 1 0 1 0 1 0 0 0 0 2 0 0
0 2 1 2 1 2 1 1 0 0 1 0 2 0 1
0 0 1 0 4 0 1 1 0 0 0 0 2 0 1
0 2 0 2 3 3 1 1 1 0 0 0 3 0 1
0 1 1 0 4 1 0 0 0 0 1 1 3 0 0
0 2 0 2 3 3 1 0 1 1 1 1 4 0 1
0 2 0 2 3 2 1 0 1 1 1 0 0 1 1
0 7 1 0 4 0 0 1 0 0 1 1 0 1 1
0 2 0 2 3 3 0 0 0 0 1 1 2 1 0
0 2 0 2 2 2 0 1 1 0 0 1 3 1 1
0 2 1 2 1 2 0 1 0 1 0 1 4 1 0
0 1 1 1 4 1 1 1 1 0 0 1 0 2 1
0 1 1 1 1 1 1 0 0 0 0 1 0 0 0
0 1 1 1 2 0 0 1 1 1 1 0 0 0 1
0 2 1 0 3 3 1 1 1 1 1 0 0 0 0
0 1 1 1 0 1 0 1 0 0 0 0 1 0 1
0 0 0 0 1 0 1 0 0 0 0 0 1 0 0
0 2 0 2 1 3 0 0 0 0 1 1 1 0 0
0 2 0 1 1 4 1 1 0 0 1 1 2 0 0
0 7 1 1 3 0 1 0 1 0 0 1 2 0 0
0 1 1 1 0 1 1 1 1 0 1 1 3 0 1
0 2 1 1 1 3 0 1 1 0 1 1 3 0 1
0 2 1 2 2 3 1 0 1 1 0 1 3 0 1
0 2 0 1 2 4 1 1 1 1 0 1 4 0 1
0 0 1 1 3 0 1 1 1 1 1 0 4 0 1
0 1 1 0 3 1 1 0 1 1 1 1 4 0 1
0 2 1 0 1 2 1 1 1 0 1 1 0 1 1
0 1 1 1 1 1 1 1 0 1 1 0 1 1 1
0 2 1 0 2 3 1 0 1 0 1 1 1 1 1
0 2 1 1 2 2 0 0 0 0 1 0 2 1 1
0 1 1 0 4 1 0 0 0 1 0 0 2 1 0
0 2 0 1 1 2 0 0 1 0 0 1 3 1 0
0 1 1 0 2 1 0 0 1 1 0 1 3 1 1
0 1 1 0 0 1 0 0 1 1 0 0 4 1 1
0 1 1 0 0 1 0 1 1 1 0 1 0 2 1
0 0 1 0 1 0 0 0 1 0 1 1 0 2 1
0 2 0 0 2 4 0 0 0 1 1 0 0 2 0
0 1 1 1 3 0 0 1 0 1 0 0 0 2 1
0 0 0 0 2 1 0 1 0 0 1 0 1 2 1
0 2 0 1 2 3 0 0 1 1 1 0 2 2 0
0 2 1 1 3 2 1 0 1 0 0 0 3 2 0
0 1 1 0 2 1 1 0 0 1 1 1 4 2 1
0 0 1 0 3 0 0 1 1 0 1 1 4 2 1
0 2 0 0 3 4 1 1 1 1 0 0 4 2 1
0 1 1 1 4 1 1 1 0 1 0 1 4 2 0
0 2 0 1 2 2 1 0 0 1 1 1 1 0 0
0 2 0 0 3 2 0 0 1 0 1 1 1 1 1
0 2 0 2 3 4 1 0 1 1 1 1 1 1 1
0 2 0 0 3 4 1 1 1 1 1 1 2 1 1
0 2 0 0 2 4 0 1 0 0 0 1 1 2 0
0 2 0 2 1 2 0 1 1 1 0 1 1 2 0
0 2 0 1 2 2 0 0 0 1 0 1 4 2 0
0 2 0 2 1 4 0 0 0 0 0 1 4 2 0
0 2 0 0 2 3 0 1 1 0 1 1 1 2 0
0 0 1 0 0 0 1 1 1 1 0 0 0 0 0
0 7 1 1 0 0 0 1 1 1 0 0 0 0 1
0 7 0 0 1 0 0 0 0 1 1 1 0 0 1
0 7 0 1 2 1 0 1 1 1 1 0 0 0 1
0 1 0 0 3 0 0 1 0 1 0 1 0 0 1
0 0 1 0 4 0 0 1 1 0 0 1 0 0 1
0 7 0 1 1 1 1 0 0 1 0 0 1 0 0
0 1 0 1 2 0 0 0 1 0 0 1 1 0 0
0 7 1 0 3 0 1 0 0 1 1 1 1 0 0
0 7 1 0 0 0 0 1 0 1 0 1 2 0 0
0 0 0 1 1 1 0 1 1 1 1 0 2 0 1
0 7 1 1 2 0 1 0 0 1 1 0 2 0 0
0 7 1 1 4 0 1 0 1 0 1 0 2 0 0
0 0 1 1 0 0 0 0 1 0 0 0 3 0 1
0 1 0 0 2 0 1 1 1 1 1 0 3 0 0
0 0 1 1 3 0 1 1 1 1 0 1 3 0 1
0 7 1 1 4 0 1 1 1 0 1 0 3 0 1
0 7 1 1 0 0 1 0 0 1 1 1 4 0 1
0 7 1 0 3 0 0 0 1 0 0 0 4 0 0
0 0 1 1 4 0 0 1 1 1 1 1 4 0 1
0 0 1 0 0 0 0 0 0 1 0 1 0 1 1
0 1 0 0 2 0 0 0 1 1 0 1 0 1 0
0 0 0 1 3 1 1 0 0 0 0 0 0 1 1
0 7 1 1 3 0 0 0 1 0 0 0 0 1 0
0 7 1 0 0 0 0 0 1 1 0 0 1 1 0
0 7 0 1 1 0 1 0 0 0 0 1 1 1 0
0 1 0 1 3 0 1 1 1 1 0 1 1 1 1
0 0 1 1 4 0 0 0 0 1 1 0 1 1 1
0 7 1 0 0 0 1 1 1 1 1 1 2 1 1
0 1 0 0 1 0 0 0 0 1 0 1 2 1 1
0 0 1 0 2 0 0 1 1 1 0 1 2 1 1
0 7 0 1 3 1 0 0 1 0 1 0 2 1 0
0 7 1 1 0 0 1 0 1 0 0 1 3 1 1
0 0 0 1 1 1 0 0 0 0 1 0 3 1 1
0 7 1 1 2 0 1 1 0 0 0 1 3 1 1
0 1 0 0 3 0 1 0 0 0 0 0 3 1 0
0 7 0 0 3 1 0 1 0 0 0 0 3 1 0
0 0 1 0 4 0 1 0 1 0 1 0 3 1 1
0 1 1 0 1 0 0 1 0 0 1 0 4 1 1
0 7 1 0 4 0 1 1 1 0 1 1 4 1 1
0 0 1 1 2 0 1 0 1 1 0 0 0 2 0
0 7 0 0 3 0 1 1 1 0 1 0 0 2 1
0 0 1 1 0 0 1 1 1 0 1 1 1 2 0
0 7 0 0 2 1 0 0 0 1 0 1 1 2 0
0 7 0 0 3 0 0 1 1 0 0 0 1 2 1
0 7 1 0 4 0 0 0 1 1 1 0 1 2 1
0 0 1 0 0 0 0 1 0 1 0 1 2 2 1
0 7 0 1 1 1 0 1 1 1 0 1 2 2 1
0 0 1 0 4 0 1 1 1 1 1 0 2 2 1
0 7 1 1 0 0 1 1 0 1 1 0 3 2 0
0 1 1 1 1 0 1 0 0 1 1 0 3 2 0
0 7 1 0 1 0 0 0 0 0 0 0 3 2 1
0 0 0 0 2 0 0 0 0 1 0 1 3 2 1
0 0 1 0 3 0 1 0 0 1 1 1 3 2 0
0 0 1 0 0 0 1 0 0 1 0 0 4 2 1
0 7 1 1 1 0 1 0 0 0 1 0 4 2 0
0 7 0 1 2 1 1 0 0 0 0 0 4 2 0
0 1 0 1 3 0 1 0 1 1 0 1 4 2 0
0 0 0 0 1 1 0 1 1 0 1 1 4 0 0
1 3 1 4 0 5 0 0 1 0 0 0 0 0 0
0 2 0 2 2 2 1 0 0 0 0 0 0 0 1
0 2 1 0 1 3 0 0 0 0 0 0 2 1 0
1 3 0 4 1 5 0 0 0 1 0 1 0 0 1
1 4 0 3 0 5 1 0 1 0 1 1 1 0 1
1 3 0 4 1 5 1 1 1 0 1 0 1 0 1
1 6 0 4 2 5 1 0 0 0 0 0 1 0 0
1 4 0 4 3 5 0 1 1 1 1 0 1 0 0
1 3 0 4 2 5 0 1 0 0 0 0 2 0 1
1 4 0 4 0 5 1 1 1 0 1 1 3 0 0
1 6 0 3 2 5 0 0 1 1 0 0 3 0 1
1 3 0 3 3 5 0 1 0 0 0 0 3 0 1
1 3 0 3 4 5 1 1 1 1 1 0 3 0 0
1 3 0 4 3 5 0 0 1 0 1 1 4 0 0
1 3 1 4 4 5 0 1 1 0 0 1 0 0 1
1 6 1 3 0 5 0 0 1 1 0 0 1 0 0
0 0 1 0 3 0 0 0 1 1 0 1 1 0 0
1 6 1 4 0 5 0 0 1 0 0 0 2 0 1
0 0 1 0 1 0 0 0 1 0 1 0 2 0 1
1 3 1 4 4 5 1 1 1 1 0 1 2 0 1
0 1 1 0 4 1 0 1 0 1 1 0 0 2 1
0 7 1 0 4 0 1 1 0 1 1 0 1 2 0
0 2 0 2 1 4 0 0 0 0 0 0 0 2 0
0 2 0 1 3 4 0 1 1 0 1 0 1 0 1
0 2 1 2 2 2 1 1 1 0 1 1 4 0 1
0 2 1 1 2 3 0 1 0 0 1 1 4 1 1
0 1 1 0 0 1 1 0 0 0 1 0 2 2 0
0 2 0 0 1 4 0 1 0 0 1 1 3 0 0
0 2 0 1 2 4 1 0 0 1 1 0 3 2 1
1 4 0 3 1 5 0 0 1 0 1 0 0 0 1
1 4 1 4 3 5 0 0 1 1 0 1 0 0 0
1 3 1 3 1 5 0 1 0 1 0 1 2 0 1
1 3 1 3 3 5 0 1 1 1 1 0 2 0 0
1 5 0 4 0 5 0 0 0 1 0 0 3 0 1
1 3 1 3 2 5 0 1 1 1 1 0 4 0 0
1 4 0 3 4 5 1 1 1 0 0 1 0 0 1
1 5 0 4 1 5 1 0 0 1 0 0 2 0 0
1 6 0 4 3 5 1 0 1 0 0 1 2 0 0
1 6 1 3 0 5 1 1 0 0 1 1 3 0 0
1 5 0 3 1 5 1 1 1 1 0 0 3 0 1
1 3 1 4 4 5 1 1 1 1 1 1 4 0 0
0 7 1 1 4 0 0 0 0 0 0 0 0 1 1
0 2 0 1 2 4 0 0 1 1 0 0 0 0 1
0 2 0 1 3 3 1 1 0 1 1 1 0 1 0
0 2 0 1 2 2 1 1 1 1 0 1 0 1 1
1 6 0 3 2 5 1 0 1 0 1 0 0 0 1
1 4 0 4 1 5 1 0 0 0 0 0 1 0 0
1 6 0 4 1 5 1 0 0 1 1 0 1 0 0
1 3 0 3 3 5 0 0 0 1 0 0 1 0 1
0 1 1 0 2 0 0 0 0 0 0 1 2 2 1
0 0 0 0 3 0 0 0 0 1 0 0 2 1 1
1 4 0 3 3 5 0 0 0 1 0 1 2 0 1
1 5 0 4 4 5 0 0 1 1 0 0 2 0 0
1 5 0 3 0 5 0 0 1 1 1 1 4 0 1
1 5 0 4 1 5 1 0 1 1 0 1 4 0 1
1 3 1 3 2 5 0 1 0 0 1 0 0 0 0
1 4 0 3 2 5 0 1 1 0 0 0 0 0 0
1 6 1 4 3 5 1 1 0 0 0 1 0 0 0
1 4 1 4 4 5 1 1 0 1 1 0 1 0 0
1 5 0 4 3 5 1 1 1 0 0 1 2 0 1
1 6 1 4 4 5 0 1 1 0 1 1 2 0 0
0 0 1 1 4 0 0 1 1 1 0 1 3 1 1
1 3 1 4 0 5 0 1 1 1 0 1 4 0 1
1 4 0 4 1 5 1 1 1 1 0 1 4 0 1
0 7 1 0 0 0 1 0 1 0 1 0 4 2 0
0 2 1 2 2 2 0 1 1 0 0 1 2 0 0
0 2 0 0 3 4 1 1 1 1 0 1 1 2 1
0 1 1 1 4 1 0 1 1 1 0 1 2 2 0
1 6 1 3 2 5 1 0 1 1 0 1 4 0 0
1 5 0 4 1 5 1 1 0 0 1 0 0 0 1
1 5 0 4 4 5 0 1 0 0 1 0 1 0 1
1 5 0 4 0 5 1 0 0 1 0 1 2 0 1
1 6 1 4 1 5 0 1 0 0 0 0 3 0 1
1 6 0 4 1 5 0 1 1 0 0 1 0 0 1
1 4 0 4 2 5 0 0 1 0 0 1 1 0 1
1 3 0 4 4 5 1 1 1 1 0 0 1 0 1
1 5 0 4 2 5 0 0 1 1 1 1 3 0 1
0 2 0 2 1 3 0 0 0 1 1 0 2 0 1
0 2 0 2 1 4 1 0 0 0 1 0 4 0 1
0 2 0 1 3 3 1 1 0 0 0 1 1 2 1
0 2 0 2 2 2 1 1 1 1 1 1 3 2 1
0 2 0 0 1 2 1 1 0 0 1 0 2 0 0
1 5 0 3 2 5 1 0 1 0 0 1 0 0 1
1 3 1 3 3 5 1 0 1 0 1 1 0 0 0
1 5 0 3 4 5 0 1 0 0 1 0 0 0 0
1 3 0 4 1 5 1 0 1 0 0 0 2 0 1
1 3 1 4 2 5 1 1 1 0 0 1 3 0 0
1 4 1 3 0 5 0 1 0 0 1 0 4 0 1
1 6 1 3 3 5 1 0 1 0 1 1 4 0 0
1 4 1 4 0 5 0 1 1 1 0 0 0 0 0
1 5 0 4 2 5 1 1 1 1 1 0 1 0 1
1 6 1 4 4 5 1 1 0 1 1 0 1 0 0
1 6 0 3 1 5 1 0 1 1 1 1 2 0 1
1 3 1 4 2 5 0 0 0 1 0 0 2 0 1
1 4 0 3 1 5 0 0 0 1 0 0 3 0 0
1 6 1 4 0 5 1 0 0 1 1 0 4 0 0
1 4 1 3 3 5 1 1 0 1 0 0 4 0 0
0 7 1 1 4 0 1 0 0 0 1 1 4 2 0
1 6 1 4 3 5 1 0 0 0 0 1 3 0 0
0 2 0 2 1 3 1 1 1 1 1 0 3 1 0
0 2 1 1 2 3 0 1 0 1 1 0 0 2 1
0 1 1 0 4 1 1 1 1 0 1 0 1 2 1
1 6 1 3 4 5 0 0 1 1 0 0 0 0 1
1 3 1 3 0 5 1 1 0 0 0 1 1 0 1
1 3 0 3 0 5 0 1 0 1 0 1 3 0 0
1 6 1 3 0 5 1 1 0 0 0 1 3 0 1
1 5 0 3 3 5 1 1 1 1 0 0 4 0 0
1 4 1 3 4 5 1 1 1 1 0 1 4 0 1
1 5 0 3 4 5 1 0 1 1 0 1 4 0 1
1 3 1 3 2 5 0 1 0 1 1 0 1 0 0
1 6 0 3 2 5 1 1 0 0 1 0 2 0 0
1 3 0 4 1 5 0 0 0 0 1 0 3 0 1
1 3 1 3 1 5 0 1 1 0 1 1 4 0 1
1 5 0 3 2 5 1 1 0 1 1 0 4 0 0
0 2 0 1 1 4 1 0 1 0 0 0 0 1 1
0 2 0 1 1 2 0 0 1 1 0 1 2 0 1
1 6 1 4 1 5 1 1 1 0 0 0 2 0 1
1 5 0 3 2 5 0 1 1 0 0 0 2 0 0
0 7 0 0 2 0 0 1 0 0 1 0 3 2 1
1 6 0 3 1 5 0 1 0 0 1 0 4 0 1
1 3 1 4 1 5 0 0 0 0 1 1 1 0 0
1 6 1 3 2 5 0 0 1 0 0 1 1 0 0
1 3 1 4 0 5 1 0 0 1 0 1 2 0 0
1 4 1 4 1 5 0 0 1 0 1 1 2 0 1
0 7 1 0 1 0 1 0 0 1 0 1 4 0 0
0 2 0 0 2 4 0 0 1 0 0 0 2 0 1
1 6 1 3 3 5 1 1 1 1 0 0 1 0 0
1 4 1 3 0 5 1 0 1 0 0 0 2 0 0
1 4 1 4 2 5 1 0 1 0 1 1 3 0 0
1 5 0 3 3 5 0 1 0 0 0 0 3 0 0
1 5 0 4 3 5 1 1 1 0 0 1 0 0 1
0 0 1 0 0 0 1 0 0 1 1 1 1 0 1
1 5 0 4 1 5 0 0 1 1 1 1 1 0 1
1 4 1 4 0 5 1 0 1 0 1 0 3 0 1
1 6 1 4 3 5 0 0 1 1 1 0 4 0 1
0 0 0 0 2 0 1 1 1 0 1 1 0 0 1
0 0 1 0 3 0 1 1 0 0 1 1 0 1 0
0 0 1 1 1 0 0 1 1 0 0 0 2 2 0
0 0 1 1 2 0 0 1 1 1 1 0 1 2 0
0 0 1 1 2 0 0 0 0 0 0 0 3 0 0
0 0 1 1 3 0 0 0 0 0 1 1 1 2 0
0 0 0 0 1 1 1 1 0 0 1 1 2 1 1
0 0 0 0 1 1 1 0 1 0 0 0 3 2 1
0 0 0 0 2 1 0 1 0 1 0 0 3 0 0
0 0 0 0 2 1 0 1 0 0 0 0 4 1 1
0 0 0 0 3 1 1 0 1 0 1 1 2 1 0
0 0 0 0 3 1 1 0 0 0 0 1 4 0 0
0 0 0 1 1 1 1 1 1 0 1 0 1 2 0
0 0 0 1 1 1 0 0 1 1 1 1 4 2 1
0 0 0 1 2 1 1 1 1 0 0 1 2 2 0
0 0 0 1 3 1 0 1 1 1 0 0 3 2 0
0 1 1 0 0 0 1 1 0 0 1 0 0 1 0
0 1 1 0 0 0 0 1 0 0 0 1 4 0 0
0 1 0 0 1 0 0 1 1 0 1 0 1 1 0
0 1 1 0 2 0 0 1 1 0 1 0 4 2 0
0 1 0 0 3 0 1 0 1 0 1 1 1 2 1
0 1 0 0 3 0 1 0 0 0 1 0 2 0 0
0 1 1 0 3 0 1 1 0 0 1 0 4 2 0
0 1 1 0 4 0 0 1 0 1 0 1 1 0 0
0 1 1 0 4 0 0 0 1 1 0 1 2 2 0
0 1 1 0 4 0 1 0 1 1 0 0 3 0 0
0 1 1 1 0 0 1 0 0 1 0 1 1 2 0
0 1 1 1 0 0 1 0 1 0 0 1 2 0 1
0 1 1 1 0 0 0 1 1 1 1 0 3 1 0
0 1 0 1 1 0 0 1 0 1 0 0 0 1 0
0 1 0 1 1 0 0 1 0 1 1 0 4 0 0
0 1 0 1 2 0 1 1 0 1 1 1 2 1 0
0 1 0 1 3 0 0 0 1 0 1 1 3 0 1
0 1 1 1 4 0 1 0 0 1 1 1 0 2 0
0 1 1 1 4 0 1 0 0 0 0 1 4 0 1
0 1 1 0 1 1 0 0 0 0 1 1 0 1 1
0 1 1 0 1 1 1 0 1 1 0 0 4 1 0
0 1 1 0 2 1 0 0 1 0 1 1 1 0 1
0 1 1 0 3 1 1 1 0 0 1 1 0 2 0
0 1 1 0 3 1 0 1 1 1 1 0 3 2 1
0 1 1 1 1 1 0 1 1 0 0 1 2 1 0
0 1 1 1 2 1 0 1 0 0 1 0 0 1 0
0 1 1 1 2 1 1 1 0 1 0 1 3 0 1
0 1 1 1 2 1 0 0 1 0 0 1 4 2 1
0 1 1 1 3 1 1 1 0 1 1 1 1 2 1
0 1 1 1 3 1 0 0 0 1 0 0 4 0 0
0 7 1 0 1 0 0 0 1 1 1 1 2 1 0
0 7 0 0 2 0 0 1 1 1 0 1 1 0 1
0 7 1 0 3 0 1 1 1 1 0 0 2 1 1
0 7 1 0 3 0 1 0 0 1 1 1 3 1 1
0 7 0 1 2 0 1 0 1 0 1 1 0 2 0
0 7 0 1 2 0 0 1 1 0 0 1 4 1 0
0 7 1 1 3 0 1 0 1 1 1 0 1 2 0
0 7 0 0 1 1 0 0 1 0 1 1 1 1 0
0 7 0 0 1 1 0 0 0 0 0 1 4 1 1
0 7 0 0 2 1 1 0 1 0 0 0 0 1 1
0 7 0 0 2 1 1 0 0 1 1 0 2 1 1
0 7 0 0 2 1 1 0 0 1 0 0 3 1 0
0 7 0 0 2 1 1 0 1 1 0 0 4 0 0
0 7 0 0 3 1 0 1 0 1 1 1 0 1 0
0 7 0 0 3 1 0 0 1 0 1 0 1 0 0
0 7 0 1 1 1 1 1 1 1 1 1 0 1 0
0 7 0 1 1 1 0 1 0 0 0 1 3 0 1
0 7 0 1 2 1 1 1 1 0 1 1 1 2 0
0 7 0 1 3 1 1 0 0 0 0 1 3 1 0
0 7 0 1 3 1 1 1 0 1 0 1 4 2 1
0 1 1 1 0 1 0 0 0 1 1 1 0 0 0
0 0 0 0 1 1 1 0 1 1 0 1 0 0 1
0 2 1 0 1 3 1 0 0 0 0 1 0 0 0
0 2 0 1 1 2 1 1 1 0 0 0 0 0 1
0 2 0 1 1 4 0 1 0 1 1 1 0 0 1
0 2 1 2 1 2 1 1 1 1 0 0 0 0 1
0 2 0 2 1 4 0 1 1 1 1 0 0 0 1
0 2 0 0 2 2 0 1 0 0 1 1 0 0 1
0 2 0 0 2 4 1 1 0 1 1 0 0 0 0
0 2 1 1 2 3 1 0 0 0 0 0 0 0 0
0 2 0 2 2 4 0 1 0 1 1 1 0 0 1
0 0 0 0 3 1 0 0 0 0 1 0 0 0 0
0 2 0 0 3 2 1 0 1 0 0 0 0 0 0
0 2 0 0 3 4 0 1 0 1 0 0 0 0 1
0 2 1 1 3 2 1 1 0 1 0 1 0 0 0
0 2 0 1 3 3 0 0 0 0 0 1 0 0 1
0 2 0 1 3 4 1 0 0 1 1 1 0 0 0
0 2 0 2 3 3 0 1 1 1 0 1 0 0 0
0 1 1 1 4 1 1 1 1 0 0 0 0 0 0
0 1 1 0 0 1 0 0 1 0 0 1 1 0 0
0 2 0 0 1 2 0 1 0 0 1 0 1 0 1
0 2 1 0 1 3 1 1 0 1 0 0 1 0 0
0 2 0 0 1 4 0 1 0 1 1 1 1 0 1
0 0 1 1 1 0 0 1 0 1 0 0 1 0 1
0 2 1 1 1 2 1 1 1 0 1 0 1 0 1
0 2 0 1 1 3 0 1 0 0 0 0 1 0 0
0 2 0 2 1 4 0 0 1 1 0 0 1 0 0
0 2 0 0 2 4 0 0 0 0 1 0 1 0 0
0 2 0 1 2 4 1 0 1 0 1 1 1 0 0
0 2 1 2 2 2 0 0 1 0 1 0 1 0 0
0 2 0 2 2 3 0 1 0 1 1 1 1 0 1
0 2 0 0 3 3 0 0 0 0 1 0 1 0 1
0 0 0 1 3 1 0 0 1 1 0 1 1 0 0
0 2 1 1 3 2 0 0 0 0 0 1 1 0 1
0 2 1 1 3 3 1 1 0 0 1 0 1 0 1
0 2 0 2 3 2 1 1 0 1 1 1 1 0 0
0 2 0 2 3 4 0 0 0 1 0 0 1 0 1
0 1 1 0 4 1 1 1 0 1 1 1 1 0 1
0 0 1 1 4 0 0 0 0 0 1 0 1 0 0
0 1 1 0 0 1 1 0 1 1 0 1 2 0 1
0 2 1 0 1 3 1 1 1 0 1 1 2 0 1
0 2 0 0 1 4 0 1 1 1 1 0 2 0 0
0 2 0 2 1 4 0 1 1 0 0 0 2 0 0
0 0 0 0 2 0 1 1 0 0 1 1 2 0 1
0 2 1 0 2 2 0 0 1 0 1 1 2 0 0
0 1 1 1 2 1 0 0 1 1 0 0 2 0 0
0 2 1 1 2 3 1 0 0 1 1 1 2 0 1
0 2 0 1 2 4 0 1 0 1 1 0 2 0 1
0 2 1 2 2 3 1 0 0 0 0 0 2 0 0
0 2 1 0 3 3 1 0 0 1 0 1 2 0 0
0 2 1 1 3 2 0 1 0 1 0 0 2 0 0
0 2 0 1 3 4 1 0 1 0 0 1 2 0 1
0 2 0 2 3 2 0 0 1 0 0 0 2 0 1
0 2 0 2 3 4 0 1 0 1 1 1 2 0 1
0 1 1 0 4 1 0 1 1 0 1 1 2 0 1
0 1 1 0 0 1 1 0 0 1 1 1 3 0 0
0 2 0 0 1 2 1 0 0 1 0 0 3 0 0
0 2 0 0 1 3 0 0 1 0 1 0 3 0 0
0 2 0 1 1 4 1 1 0 1 0 1 3 0 1
0 2 1 2 1 2 0 0 0 1 1 1 3 0 0
0 2 0 2 1 3 1 1 0 1 1 1 3 0 1
0 2 1 0 2 2 0 0 1 1 0 0 3 0 1
0 2 1 0 2 3 1 1 0 0 1 0 3 0 1
0 2 0 1 2 2 0 0 0 1 1 1 3 0 0
0 2 0 1 2 3 0 0 0 1 0 1 3 0 0
0 2 0 1 2 4 0 0 1 0 0 0 3 0 0
0 2 0 2 2 4 0 1 0 1 0 0 3 0 0
0 2 0 0 3 4 1 1 0 0 1 1 3 0 0
0 7 0 1 3 1 0 0 0 1 0 0 3 0 1
0 2 1 1 3 3 1 1 0 1 1 0 3 0 1
0 2 1 2 3 2 0 1 0 1 0 1 3 0 1
0 2 0 2 3 4 1 0 0 0 0 0 3 0 1
0 1 1 1 4 1 1 0 0 0 0 0 3 0 1
0 1 1 1 0 1 1 0 0 0 0 1 4 0 0
0 2 0 0 1 4 1 0 1 0 1 1 4 0 0
0 2 1 1 1 2 1 1 0 0 0 0 4 0 1
0 2 1 1 1 3 1 0 1 0 0 0 4 0 0
0 2 0 1 1 4 0 1 0 0 1 0 4 0 0
0 2 0 2 1 2 1 0 0 1 1 0 4 0 0
0 2 0 0 2 2 0 1 1 0 1 0 4 0 0
0 2 1 0 2 3 0 0 1 0 1 0 4 0 1
0 2 0 0 2 4 1 0 0 1 0 0 4 0 0
0 2 1 1 2 2 1 0 1 1 0 1 4 0 1
0 2 0 2 2 3 0 1 0 0 0 0 4 0 0
0 2 0 2 2 4 0 1 1 1 1 0 4 0 1
0 2 1 0 3 2 1 1 1 1 0 0 4 0 1
0 2 1 0 3 3 0 1 0 0 0 1 4 0 0
0 2 0 1 3 3 0 0 0 0 0 1 4 0 1
0 2 0 1 3 4 1 1 0 0 1 0 4 0 0
0 2 1 2 3 2 0 1 1 0 0 1 4 0 0
0 2 0 2 3 4 0 1 1 0 0 0 4 0 0
0 0 1 0 4 0 1 0 1 1 0 1 4 0 0
0 1 1 1 4 1 0 1 1 1 0 0 4 0 1
0 1 1 0 0 1 1 0 1 1 1 1 0 1 1
0 0 1 1 0 0 0 1 1 0 0 1 0 1 0
0 2 1 0 1 3 1 1 1 0 0 1 0 1 0
0 2 0 0 1 4 0 1 0 1 1 0 0 1 0
0 2 1 1 1 2 0 1 0 1 1 0 0 1 0
0 2 1 1 1 3 0 1 0 0 1 0 0 1 0
0 2 1 2 1 2 0 0 1 0 0 0 0 1 0
0 2 0 2 1 4 1 1 1 1 1 1 0 1 0
0 2 1 0 2 2 0 1 0 1 0 0 0 1 0
0 2 0 0 2 3 1 0 0 1 1 0 0 1 0
0 2 0 1 2 4 1 0 1 0 1 1 0 1 0
0 2 1 2 2 3 0 0 1 1 1 1 0 1 1
0 2 1 0 3 2 0 1 1 1 0 0 0 1 0
0 2 0 1 3 4 0 0 0 1 0 0 0 1 0
0 2 1 2 3 3 1 0 1 0 0 0 0 1 1
0 2 0 2 3 4 0 1 1 0 0 1 0 1 1
0 1 1 0 4 1 1 0 0 0 0 1 0 1 0
0 1 1 0 0 1 1 1 0 0 1 0 1 1 0
0 0 1 1 0 0 1 0 1 0 0 0 1 1 1
0 2 1 0 1 2 1 1 1 1 0 1 1 1 1
0 2 0 0 1 3 0 0 0 1 0 1 1 1 1
0 2 1 1 1 3 1 1 0 0 0 0 1 1 1
0 2 0 1 1 4 0 1 1 1 1 0 1 1 0
0 2 1 2 1 2 0 0 0 0 1 1 1 1 1
0 2 0 2 1 4 0 1 0 1 0 0 1 1 1
0 2 1 0 2 2 1 1 0 1 1 1 1 1 0
0 0 0 1 2 0 0 1 0 1 0 1 1 1 0
0 2 0 1 2 2 1 0 1 1 0 0 1 1 1
0 2 0 1 2 3 1 1 1 0 1 0 1 1 0
0 2 0 1 2 4 0 0 0 0 1 0 1 1 0
0 2 1 2 2 3 0 0 0 0 0 1 1 1 0
0 2 0 2 2 4 1 0 0 0 1 0 1 1 1
0 0 0 0 3 1 1 1 1 1 1 1 1 1 0
0 2 1 0 3 3 1 1 1 1 0 1 1 1 1
0 2 0 0 3 4 0 0 0 0 0 0 1 1 0
0 2 1 1 3 2 1 0 1 1 1 1 1 1 1
0 2 0 2 3 3 1 0 1 0 1 0 1 1 0
0 0 1 0 4 0 1 1 0 0 0 1 1 1 1
0 1 1 1 4 1 1 1 0 0 1 1 1 1 0
0 1 1 1 0 1 1 1 1 0 1 0 2 1 0
0 2 0 0 1 4 0 0 1 1 0 1 2 1 0
0 2 1 1 1 2 1 1 1 0 1 1 2 1 1
0 2 0 1 1 3 1 0 1 0 0 1 2 1 1
0 2 0 1 1 4 1 0 0 1 0 0 2 1 0
0 2 1 2 1 3 1 1 0 1 1 1 2 1 0
0 2 0 0 2 2 0 1 1 1 1 1 2 1 0
0 2 1 0 2 3 1 0 1 1 1 1 2 1 0
0 2 0 0 2 4 1 0 0 0 1 1 2 1 1
0 2 0 1 2 4 0 1 1 0 0 1 2 1 1
0 2 1 2 2 2 1 0 1 1 1 0 2 1 1
0 2 1 0 3 2 0 0 1 0 0 0 2 1 0
0 2 1 0 3 3 0 1 1 1 1 0 2 1 1
0 0 1 1 3 0 0 1 0 0 1 1 2 1 0
0 2 0 1 3 3 1 1 0 1 0 1 2 1 1
0 2 0 2 3 2 1 1 0 0 0 1 2 1 0
0 2 0 2 3 4 0 0 1 0 0 1 2 1 0
0 1 1 1 4 1 1 0 1 1 1 1 2 1 1
0 0 1 0 0 0 1 1 1 1 0 1 3 1 0
0 1 1 1 0 1 1 1 0 0 0 0 3 1 1
0 2 1 0 1 2 0 1 0 1 0 0 3 1 1
0 2 1 0 1 3 1 0 1 0 1 1 3 1 0
0 7 1 1 1 0 0 1 1 1 1 1 3 1 1
0 2 0 1 1 4 0 0 1 0 0 1 3 1 0
0 2 1 2 1 2 1 0 0 0 0 0 3 1 1
0 2 0 2 1 4 1 0 0 1 1 1 3 1 0
0 2 0 0 2 4 0 0 0 0 0 1 3 1 1
0 0 0 1 2 1 0 1 1 1 1 1 3 1 0
0 2 1 1 2 2 1 1 0 1 1 1 3 1 1
0 2 1 1 2 3 0 0 0 0 1 0 3 1 1
0 2 0 2 2 3 1 0 0 0 1 1 3 1 0
0 2 0 2 2 4 1 1 1 1 0 0 3 1 1
0 2 1 0 3 2 1 1 1 0 1 1 3 1 0
0 2 0 0 3 3 0 1 0 1 0 1 3 1 0
0 2 0 0 3 4 0 1 1 1 1 1 3 1 0
0 2 0 1 3 2 0 1 0 1 1 0 3 1 0
0 2 0 1 3 4 1 0 1 0 1 0 3 1 0
0 2 1 2 3 3 0 0 1 1 1 1 3 1 0
0 1 1 1 4 1 0 0 1 0 1 1 3 1 0
0 1 1 1 0 1 0 0 0 0 1 0 4 1 0
0 2 0 0 1 2 0 0 0 0 0 0 4 1 1
0 2 1 0 1 3 1 1 0 1 1 0 4 1 0
0 2 0 1 1 4 1 1 1 1 1 0 4 1 0
0 2 0 2 1 3 1 0 1 0 0 0 4 1 1
0 2 0 2 1 4 0 1 0 0 0 1 4 1 1
0 2 0 0 2 2 1 0 1 1 1 1 4 1 1
0 2 0 1 2 4 0 0 0 1 0 0 4 1 0
0 2 0 2 2 2 1 1 0 1 0 0 4 1 0
0 2 1 2 2 3 1 0 1 1 0 0 4 1 1
0 2 0 0 3 3 0 0 1 1 1 1 4 1 0
0 2 0 0 3 4 1 1 1 0 0 0 4 1 0
0 2 1 1 3 2 0 0 0 0 1 0 4 1 0
0 2 1 1 3 3 1 1 1 1 0 0 4 1 0
0 2 0 2 3 2 0 1 1 0 1 1 4 1 1
0 1 1 0 4 1 0 1 0 0 0 0 4 1 1
0 0 1 1 4 0 0 0 0 1 0 0 4 1 0
0 1 1 1 0 1 1 0 0 1 0 0 0 2 0
0 2 0 0 1 2 0 1 1 0 1 1 0 2 0
0 2 0 0 1 4 1 0 0 0 1 1 0 2 1
0 7 0 1 1 0 0 1 1 1 0 0 0 2 0
0 2 1 1 1 3 0 1 0 0 1 1 0 2 0
0 2 0 1 1 4 1 1 0 1 0 0 0 2 0
0 2 1 2 1 3 0 1 1 0 1 0 0 2 1
0 2 1 0 2 3 1 0 0 0 1 1 0 2 1
0 0 0 1 2 1 0 1 0 1 0 0 0 2 1
0 2 0 1 2 2 0 1 0 0 1 0 0 2 1
0 2 0 1 2 4 1 1 1 0 0 1 0 2 1
0 2 1 2 2 2 0 1 0 0 0 1 0 2 1
0 2 0 2 2 4 0 1 1 1 1 1 0 2 0
0 2 0 0 3 3 0 0 0 1 1 1 0 2 1
0 2 0 0 3 4 0 1 0 0 1 0 0 2 1
0 0 0 1 3 1 1 0 1 0 0 0 0 2 0
0 2 0 1 3 2 1 1 0 0 1 1 0 2 1
0 2 0 2 3 2 0 0 1 1 1 1 0 2 1
0 2 0 2 3 4 1 0 1 1 1 1 0 2 0
0 0 1 0 0 0 0 1 1 1 0 0 1 2 1
0 1 1 1 0 1 0 0 1 0 1 0 1 2 1
0 2 0 0 1 4 0 0 1 0 1 0 1 2 0
0 2 1 1 1 2 1 0 1 1 1 1 1 2 1
0 2 0 1 1 4 1 0 1 0 0 1 1 2 1
0 2 1 2 1 3 0 1 1 1 1 0 1 2 1
0 2 1 0 2 2 0 0 0 0 0 1 1 2 0
0 2 0 1 2 3 0 0 0 0 0 0 1 2 0
0 2 0 2 2 2 1 0 1 0 1 0 1 2 0
0 2 0 2 2 4 0 1 1 1 1 0 1 2 1
0 2 1 0 3 2 1 1 0 1 1 0 1 2 1
0 2 0 1 3 4 1 1 0 1 1 1 1 2 0
0 2 1 2 3 2 1 0 1 1 1 0 1 2 1
0 2 0 2 3 3 0 0 1 0 1 1 1 2 1
0 1 1 1 4 1 0 0 0 1 1 1 1 2 1
0 2 0 0 1 2 0 1 0 0 1 0 2 2 0
0 2 1 0 1 3 1 0 1 1 0 1 2 2 1
0 2 0 1 1 3 1 1 1 1 1 0 2 2 0
0 2 1 2 1 2 1 0 1 0 0 0 2 2 1
0 2 0 2 1 4 0 1 0 1 1 0 2 2 1
0 2 1 0 2 3 1 1 0 1 1 1 2 2 0
0 1 1 1 2 0 1 0 1 0 1 0 2 2 1
0 2 1 1 2 2 0 1 0 0 0 1 2 2 1
0 2 0 2 2 3 1 1 1 0 1 0 2 2 1
0 2 0 2 2 4 0 0 0 0 1 0 2 2 1
0 0 1 0 3 0 0 0 1 1 0 0 2 2 0
0 2 0 0 3 2 1 0 0 1 1 1 2 2 0
0 2 0 0 3 4 0 0 0 0 1 1 2 2 0
0 0 0 1 3 1 1 1 0 1 1 0 2 2 0
0 2 0 1 3 2 0 0 1 1 0 1 2 2 1
0 2 1 1 3 3 0 1 0 0 0 1 2 2 1
0 2 0 1 3 4 1 1 0 0 0 0 2 2 1
0 2 1 2 3 3 1 0 0 1 0 0 2 2 0
0 1 1 0 0 1 1 1 0 0 1 1 3 2 1
0 2 0 0 1 4 0 0 0 0 1 1 3 2 1
0 2 0 1 1 2 0 0 0 0 1 0 3 2 1
0 2 1 1 1 3 0 0 1 1 0 0 3 2 1
0 2 1 2 1 3 1 0 1 1 1 0 3 2 1
0 2 0 2 1 4 0 1 0 0 1 0 3 2 1
0 2 0 0 2 2 1 1 0 0 0 1 3 2 0
0 2 1 0 2 3 0 0 1 1 0 0 3 2 0
0 2 0 0 2 4 1 1 1 0 1 1 3 2 1
0 2 0 0 3 2 0 1 0 0 0 0 3 2 1
0 2 0 0 3 3 1 1 1 1 1 1 3 2 1
0 2 1 1 3 3 0 0 0 0 0 0 3 2 1
0 2 0 1 3 4 0 1 0 0 0 1 3 2 1
0 2 0 2 3 2 1 0 0 1 0 1 3 2 0
0 2 0 2 3 4 0 1 1 1 1 1 3 2 1
0 1 1 0 4 1 1 0 1 1 0 1 3 2 0
0 1 1 0 0 1 1 1 1 0 1 1 4 2 1
0 0 1 1 0 0 1 1 1 1 0 1 4 2 0
0 2 1 0 1 2 0 0 1 0 0 1 4 2 1
0 2 1 0 1 3 0 0 0 1 0 1 4 2 1
0 2 0 0 1 4 1 1 0 1 1 1 4 2 0
0 2 1 1 1 2 0 1 0 1 1 1 4 2 1
0 2 0 1 1 3 1 0 0 0 1 0 4 2 0
0 2 0 0 2 3 0 0 1 0 1 0 4 2 1
0 2 0 0 2 4 0 0 1 0 0 0 4 2 1
0 2 1 1 2 3 0 1 0 1 0 1 4 2 1
0 2 0 2 2 2 0 0 1 0 0 0 4 2 1
0 2 0 2 2 4 1 1 0 1 0 0 4 2 1
0 2 0 0 3 2 0 0 1 1 1 0 4 2 1
0 2 0 1 3 2 1 1 1 0 0 1 4 2 1
0 2 0 1 3 4 0 1 0 1 1 1 4 2 1
0 2 0 2 3 3 0 0 1 1 0 0 4 2 0
0 2 0 2 3 4 1 1 1 0 1 0 4 2 0
0 1 1 0 4 1 0 0 0 1 1 0 4 2 1
0 7 1 0 0 0 1 0 1 0 0 1 0 0 0
0 0 1 1 0 0 1 0 0 0 1 0 0 0 1
0 1 1 0 1 0 1 1 1 0 0 1 0 0 0
0 7 0 1 1 1 0 1 0 0 1 0 0 0 0
0 1 1 0 2 1 1 1 0 0 0 1 0 0 0
0 7 1 0 2 0 0 0 0 1 0 1 0 0 1
0 0 0 1 2 1 1 0 0 1 1 1 0 0 0
0 1 1 1 3 1 1 0 1 0 0 1 0 0 0
0 7 1 0 4 0 1 1 0 1 1 0 0 0 0
0 0 1 1 4 0 1 0 0 1 0 1 0 0 0
0 7 1 1 0 0 1 0 0 0 1 0 1 0 0
0 7 1 0 1 0 1 1 1 0 0 0 1 0 1
0 1 0 1 1 0 1 1 0 1 0 0 1 0 1
0 0 1 0 2 0 0 0 0 1 1 0 1 0 1
0 1 1 0 3 1 0 1 1 0 0 1 1 0 1
0 7 0 1 3 0 1 1 0 1 1 1 1 0 1
0 7 1 1 4 0 0 1 1 0 0 1 1 0 0
0 0 1 1 0 0 0 0 0 1 0 1 2 0 0
0 7 1 1 0 0 0 0 0 0 1 1 2 0 1
0 1 1 0 1 1 0 0 1 1 1 0 2 0 1
0 7 0 1 1 0 1 1 1 1 0 0 2 0 0
0 7 0 0 2 1 1 1 1 0 1 1 2 0 0
0 0 0 0 3 0 0 1 1 1 1 1 2 0 0
0 7 0 0 3 1 1 1 0 0 1 1 2 0 1
0 1 1 1 3 1 0 1 0 1 1 1 2 0 0
0 7 1 0 4 0 0 0 0 1 0 1 2 0 1
0 0 1 1 4 0 0 0 1 0 1 1 2 0 0
0 0 1 0 0 0 1 0 0 0 1 0 3 0 0
0 7 1 0 1 0 1 0 0 0 1 1 3 0 1
0 0 0 1 1 1 1 1 0 1 1 1 3 0 0
0 1 0 1 1 0 0 1 0 1 0 1 3 0 0
0 7 0 1 2 1 0 1 1 0 0 0 3 0 0
0 0 0 0 3 1 0 0 0 0 1 1 3 0 1
0 0 1 0 4 0 1 1 0 1 0 0 3 0 0
0 7 1 0 4 0 0 0 1 1 0 1 3 0 1
0 0 1 0 0 0 1 0 0 0 1 1 4 0 1
0 7 1 0 0 0 0 1 0 1 1 0 4 0 1
0 1 0 0 1 0 1 1 1 0 0 1 4 0 1
0 0 1 1 1 0 1 0 0 1 0 0 4 0 0
0 7 0 1 1 1 0 0 1 1 1 1 4 0 0
0 1 1 0 2 1 0 1 0 0 0 0 4 0 1
0 0 0 1 2 1 0 1 1 1 0 0 4 0 0
0 7 0 1 3 1 1 1 1 0 1 0 4 0 1
0 7 1 0 4 0 1 0 0 0 1 0 4 0 1
0 7 1 1 0 0 0 0 0 0 0 0 0 1 1
0 7 1 0 1 0 1 0 0 1 1 0 0 1 1
0 0 1 1 1 0 1 1 0 1 0 0 0 1 0
0 0 1 0 2 0 0 1 1 0 0 0 0 1 0
0 0 1 0 4 0 0 0 1 1 1 0 0 1 0
0 7 1 1 0 0 1 1 0 1 1 1 1 1 0
0 0 0 0 1 1 0 1 1 0 0 1 1 1 1
0 1 1 0 2 0 1 1 1 1 0 0 1 1 0
0 7 1 1 2 0 1 0 1 0 1 1 1 1 1
0 1 1 0 3 1 0 0 0 0 1 0 1 1 0
0 7 1 0 4 0 0 0 0 0 0 0 1 1 0
0 0 1 0 0 0 1 0 1 0 0 0 2 1 0
0 7 1 1 0 0 0 1 0 0 0 1 2 1 1
0 1 0 0 2 0 0 0 1 0 1 0 2 1 1
0 0 0 1 2 1 0 0 0 1 1 1 2 1 1
0 7 1 1 2 0 0 1 1 1 1 0 2 1 0
0 1 1 0 3 0 0 1 1 1 1 1 2 1 0
0 7 1 1 4 0 0 0 1 1 0 0 2 1 0
0 7 1 0 0 0 1 0 0 1 1 1 3 1 1
0 0 1 0 1 0 1 0 0 1 0 0 3 1 1
0 1 0 1 2 0 1 0 1 0 1 0 3 1 0
0 1 1 1 3 1 0 1 0 1 0 1 3 1 0
0 7 1 0 4 0 1 1 0 0 0 1 3 1 0
0 7 1 0 0 0 1 0 0 0 0 1 4 1 1
0 0 1 1 0 0 1 0 1 1 0 0 4 1 1
0 0 0 0 1 1 0 0 1 1 1 0 4 1 0
0 1 0 1 1 0 1 0 1 1 1 1 4 1 1
0 1 0 1 2 0 1 1 0 1 1 0 4 1 1
0 7 0 0 3 1 1 1 0 0 0 1 4 1 0
0 7 1 1 4 0 0 0 1 1 1 1 4 1 0
0 7 1 0 0 0 0 1 1 1 1 0 0 2 1
0 1 0 0 1 0 1 1 1 0 0 0 0 2 1
0 0 1 0 2 0 1 0 0 0 1 1 0 2 0
0 7 0 1 3 1 0 0 0 1 0 1 0 2 1
0 0 1 1 4 0 0 1 0 0 1 1 0 2 0
0 7 1 1 4 0 1 1 0 0 0 0 0 2 1
0 7 1 0 0 0 1 0 0 0 0 1 1 2 1
0 1 1 0 1 1 0 0 1 0 0 0 1 2 1
0 1 1 1 2 1 0 1 1 1 0 1 1 2 0
0 0 1 0 4 0 1 0 1 0 0 1 1 2 0
0 7 1 1 4 0 1 1 0 0 0 0 1 2 1
0 0 1 1 0 0 1 0 0 0 0 0 2 2 0
0 7 0 0 1 0 1 1 0 0 0 1 2 2 1
0 1 0 1 1 0 1 1 1 0 1 1 2 2 1
0 7 1 0 2 0 0 0 1 0 0 0 2 2 1
0 1 1 0 3 1 1 1 1 1 0 0 2 2 1
0 7 1 0 4 0 1 0 0 1 1 0 2 2 0
0 0 1 1 4 0 1 0 0 1 0 1 2 2 1
0 7 1 0 0 0 0 0 1 1 1 1 3 2 0
0 0 1 1 0 0 0 1 1 0 1 0 3 2 1
0 1 1 0 1 1 0 1 1 1 1 1 3 2 1
0 7 0 1 1 1 1 1 1 0 1 0 3 2 0
0 0 0 1 2 1 1 1 0 0 1 0 3 2 1
0 7 0 0 3 1 1 1 0 1 0 0 3 2 1
0 0 1 1 4 0 1 1 1 0 1 1 3 2 0
0 7 1 1 4 0 0 0 1 0 1 0 3 2 1
0 7 1 1 0 0 0 0 1 1 1 0 4 2 1
0 7 0 0 1 1 0 1 1 0 0 0 4 2 1
0 1 1 1 1 1 0 1 0 0 1 0 4 2 1
0 0 0 0 2 1 1 1 1 1 1 0 4 2 0
0 7 0 0 2 0 1 1 0 1 0 1 4 2 1
0 0 0 1 3 1 1 0 0 0 0 0 4 2 1
0 0 1 0 4 0 0 1 0 1 1 1 4 2 1
0 1 1 0 0 0 1 1 1 1 1 0 1 0 1
0 0 0 1 1 1 0 0 1 0 1 1 1 0 1
0 7 0 1 2 1 1 0 0 0 1 0 1 0 1
0 1 0 1 2 0 0 1 0 1 0 1 2 0 1
0 0 0 0 2 1 0 0 0 1 0 1 2 0 0
0 1 1 0 4 0 0 0 0 1 0 1 2 0 1
0 1 1 1 0 0 0 0 0 0 1 1 3 0 1
0 7 0 1 3 0 0 1 1 0 1 0 3 0 0
0 1 1 1 3 1 1 1 0 1 0 0 3 0 1
0 7 0 1 2 0 0 1 0 1 0 0 4 0 0
0 1 0 0 3 0 0 1 0 1 1 1 4 0 0
0 7 1 1 2 0 1 1 1 0 1 0 0 1 1
0 1 1 1 4 0 1 1 1 1 0 0 0 1 1
0 0 0 0 2 1 0 0 1 1 0 0 1 1 1
0 0 1 1 3 0 1 1 0 0 0 0 1 1 1
0 0 0 1 1 0 0 1 0 1 0 1 2 1 1
0 7 0 0 1 1 1 1 0 1 0 0 2 1 0
0 1 1 0 4 0 0 1 0 0 0 1 3 1 1
0 7 0 0 1 0 0 0 1 0 1 1 4 1 0
0 0 1 1 2 0 0 0 0 1 1 0 4 1 0
0 7 0 0 2 1 1 1 0 0 1 1 4 1 0
0 1 1 0 0 0 0 1 0 0 1 1 0 2 1
0 7 0 1 2 1 0 1 1 0 1 1 0 2 0
0 0 0 1 3 0 1 0 0 1 1 0 0 2 1
0 0 1 0 1 0 1 0 1 1 0 1 1 2 1
0 7 1 1 2 0 0 0 1 1 1 1 1 2 0
0 0 0 1 3 1 0 1 1 0 0 1 1 2 1
0 7 0 0 3 1 1 0 0 0 0 0 1 2 0
0 1 1 0 4 0 1 0 1 0 0 0 1 2 1
0 1 1 0 0 0 0 1 1 0 1 1 2 2 0
0 0 0 0 1 1 0 0 0 1 0 1 2 2 0
0 0 1 0 2 0 0 0 0 0 1 0 2 2 0
0 1 1 1 2 1 0 0 0 0 0 0 2 2 0
0 1 0 0 3 0 0 1 1 0 0 1 3 2 0
0 1 1 1 0 0 1 0 1 1 0 0 4 2 1
0 0 1 0 1 0 0 1 1 0 0 1 4 2 1
0 7 1 0 3 0 1 1 0 1 1 1 4 2 0
0 1 1 0 3 1 0 1 1 1 0 1 4 2 1
0 1 1 0 4 0 1 1 1 0 1 0 4 2 0
0 7 0 0 2 1 1 0 0 1 1 1 0 0 0
0 7 0 1 1 1 1 0 0 1 0 1 2 0 0
0 2 1 2 2 3 1 0 1 0 1 0 0 0 1
0 2 1 2 3 2 1 0 1 1 1 1 2 0 0
0 2 1 2 3 2 0 0 0 1 1 0 2 1 0
0 2 1 2 2 3 0 1 0 0 0 0 3 1 0
0 2 1 2 2 2 0 0 0 1 0 0 2 2 0
0 2 1 2 2 2 0 0 1 0 0 0 3 2 0
0 2 1 2 1 2 1 1 1 0 0 0 4 2 0
0 2 0 0 1 2 0 0 0 1 0 1 0 1 0
0 2 0 1 1 2 1 1 0 0 0 0 1 1 0
0 2 0 1 2 3 0 1 0 1 1 1 2 1 1
0 2 0 1 2 3 1 0 1 1 1 1 4 1 0
0 2 0 2 2 3 0 1 0 0 0 1 0 2 0
0 2 0 2 1 3 0 0 1 1 0 0 1 2 0
0 0 1 0 2 0 1 1 1 0 0 1 3 2 1
0 2 1 0 2 2 1 1 0 1 1 1 4 2 0
0 2 0 0 2 3 0 1 1 0 0 0 0 0 1
0 2 0 1 1 3 0 1 1 1 0 0 2 0 0
0 2 0 2 1 2 1 0 1 0 1 0 3 0 0
0 2 0 1 1 2 0 0 0 1 1 0 2 1 1
0 2 1 0 2 2 1 0 0 0 1 1 0 0 0
0 2 0 1 2 3 0 1 1 0 0 0 0 1 0
0 2 0 0 2 2 0 1 1 1 0 0 1 0 1
0 2 0 1 1 3 0 1 0 1 0 0 3 2 0
0 2 1 1 3 3 1 0 1 1 0 1 0 2 0
0 1 0 1 1 0 1 0 1 1 1 0 0 0 0
0 1 0 1 2 0 1 0 0 0 1 0 0 0 1
0 1 0 0 3 0 0 0 0 1 1 0 1 0 1
0 1 0 0 2 0 0 0 0 1 1 1 1 1 0
0 1 0 0 3 0 1 1 0 0 0 1 2 1 1
0 1 0 1 3 0 1 0 1 1 1 0 0 2 0
0 1 0 0 1 0 1 0 1 0 1 1 3 2 1
0 1 0 0 2 0 0 1 0 0 1 0 4 2 1
0 0 1 1 1 0 0 1 0 0 1 1 0 0 0
0 7 1 1 1 0 1 1 1 0 0 1 0 0 1
0 0 1 0 2 0 1 1 0 1 0 0 0 0 0
0 7 1 0 3 0 1 0 0 1 1 0 0 0 0
0 7 1 1 1 0 0 0 0 1 0 1 2 0 1
0 0 1 1 3 0 1 0 0 0 0 1 2 0 1
0 7 1 0 2 0 0 0 1 1 1 0 3 0 0
0 7 1 0 3 0 0 1 0 0 1 1 3 0 0
0 7 1 1 2 0 1 1 0 0 0 1 4 0 1
0 7 1 1 1 0 0 1 0 1 0 0 1 1 1
0 7 1 0 3 0 0 1 0 1 0 1 1 1 0
0 0 1 0 1 0 0 1 0 1 1 1 2 1 0
0 0 1 1 3 0 0 1 1 1 1 0 3 1 0
0 7 1 0 1 0 1 1 0 1 0 1 4 1 1
0 7 1 1 3 0 0 0 1 1 1 1 4 1 1
0 7 1 0 1 0 1 0 1 1 1 1 0 2 0
0 0 1 1 3 0 1 1 0 1 0 0 0 2 1
0 7 1 0 3 0 1 1 1 1 0 1 0 2 0
0 7 1 1 1 0 1 0 1 0 1 1 2 2 0
0 0 1 1 1 0 0 1 0 0 1 0 3 2 0
0 7 1 0 2 0 1 1 0 1 0 1 3 2 0
0 0 1 0 2 0 1 0 1 0 0 1 4 2 1
0 7 1 1 2 0 0 0 1 1 1 1 4 2 0
0 1 0 0 3 0 1 0 0 0 1 1 4 1 0
1 3 0 3 0 5 1 0 0 0 0 1 0 0 1
1 4 0 3 0 5 0 1 0 1 1 0 0 0 0
1 6 0 3 0 5 1 1 1 1 0 0 0 0 1
1 3 0 3 1 5 1 1 1 1 0 0 0 0 0
1 3 0 3 2 5 1 1 0 0 1 1 0 0 1
1 4 0 4 2 5 0 1 0 1 1 1 0 0 0
1 6 0 4 2 5 0 0 0 0 1 1 0 0 1
1 3 0 3 3 5 0 0 0 0 1 1 0 0 0
1 4 0 3 3 5 0 1 0 0 0 1 0 0 1
1 6 0 4 3 5 1 1 0 1 1 0 0 0 1
1 6 0 3 4 5 1 0 0 0 0 1 0 0 1
1 4 0 4 4 5 1 0 1 0 0 0 0 0 0
1 3 0 3 0 5 0 0 1 1 0 1 1 0 1
1 4 0 4 0 5 0 0 0 0 1 1 1 0 1
1 3 0 3 1 5 0 1 1 0 0 1 1 0 0
1 4 0 3 1 5 0 0 1 1 1 1 1 0 0
1 6 0 3 1 5 0 0 1 0 1 1 1 0 1
1 4 0 3 2 5 1 1 1 1 0 0 1 0 1
1 6 0 3 2 5 1 1 1 1 1 1 1 0 1
1 3 0 4 2 5 0 0 1 0 1 0 1 0 1
1 4 0 3 3 5 1 1 1 0 1 0 1 0 1
1 3 0 4 3 5 1 0 0 0 1 0 1 0 1
1 6 0 4 3 5 1 0 0 1 0 1 1 0 1
1 3 0 3 4 5 1 0 1 0 1 1 1 0 1
1 6 0 3 4 5 1 1 1 1 0 0 1 0 0
1 4 0 4 4 5 0 1 1 1 0 1 1 0 0
1 4 0 3 0 5 1 1 0 1 0 0 2 0 1
1 3 0 4 0 5 0 1 1 0 1 1 2 0 0
1 4 0 4 1 5 1 0 0 1 1 1 2 0 1
1 3 0 3 2 5 0 0 1 1 1 1 2 0 1
1 4 0 4 2 5 1 1 0 1 1 0 2 0 1
1 6 0 3 3 5 1 1 1 0 0 0 2 0 1
1 3 0 4 3 5 0 1 0 1 1 1 2 0 1
1 4 0 3 4 5 0 1 0 0 0 1 2 0 0
1 6 0 4 4 5 1 1 0 1 0 1 2 0 1
1 4 0 3 0 5 0 0 1 1 0 1 3 0 1
1 6 0 3 0 5 1 0 1 0 1 1 3 0 1
1 3 0 4 0 5 1 1 0 0 0 0 3 0 0
1 3 0 3 1 5 0 1 1 0 1 0 3 0 0
1 6 0 4 1 5 1 1 0 1 1 1 3 0 1
1 3 0 4 2 5 1 0 0 0 0 0 3 0 0
1 4 0 4 2 5 0 0 0 1 0 0 3 0 0
1 6 0 4 2 5 1 1 1 0 0 0 3 0 0
1 4 0 3 3 5 1 0 1 1 1 1 3 0 0
1 3 0 4 3 5 0 0 1 1 0 0 3 0 0
1 6 0 4 3 5 0 1 0 0 1 0 3 0 0
1 4 0 3 4 5 0 0 1 0 1 1 3 0 0
1 3 0 4 4 5 0 0 1 0 0 1 3 0 0
1 6 0 4 4 5 1 1 1 0 0 0 3 0 1
1 4 0 3 0 5 0 0 1 0 1 0 4 0 0
1 3 0 4 0 5 1 1 0 0 1 1 4 0 0
1 6 0 4 0 5 0 1 0 1 0 1 4 0 0
1 3 0 3 1 5 1 1 1 1 1 1 4 0 1
1 4 0 3 1 5 0 1 1 1 1 1 4 0 0
1 6 0 4 1 5 1 0 1 0 1 0 4 0 0
1 3 0 3 2 5 0 0 0 0 0 1 4 0 1
1 4 0 4 2 5 0 0 1 0 1 1 4 0 1
1 6 0 4 2 5 1 0 1 0 0 0 4 0 1
1 3 0 3 3 5 1 1 0 1 0 1 4 0 1
1 4 0 4 3 5 1 0 0 1 1 0 4 0 1
1 6 0 4 3 5 0 1 0 0 0 0 4 0 1
1 3 0 3 4 5 1 1 0 1 0 0 4 0 0
1 6 0 3 4 5 0 1 1 1 0 0 4 0 1
1 4 0 4 4 5 0 1 0 1 0 1 4 0 0
1 6 1 4 0 5 1 1 1 0 1 1 0 0 0
1 6 1 3 1 5 1 1 1 0 0 0 0 0 0
1 4 1 4 1 5 0 1 1 0 1 0 0 0 0
1 4 1 3 2 5 0 0 0 1 0 0 0 0 1
1 6 1 3 2 5 0 0 1 1 0 0 0 0 0
1 3 1 4 2 5 1 1 1 0 0 1 0 0 0
1 6 1 3 3 5 0 1 0 1 0 1 0 0 0
1 3 1 4 3 5 1 1 0 0 0 1 0 0 1
1 3 1 3 4 5 1 0 0 1 1 0 0 0 1
1 4 1 3 4 5 1 0 0 1 1 1 0 0 1
1 6 1 4 4 5 0 0 0 1 1 0 0 0 1
1 3 1 4 0 5 0 0 1 0 0 0 1 0 0
1 6 1 4 0 5 1 1 0 0 1 0 1 0 1
1 4 1 4 1 5 1 1 1 1 0 0 1 0 0
1 6 1 4 1 5 0 0 0 1 1 1 1 0 1
0 7 1 0 2 0 1 1 1 0 0 0 1 0 0
1 4 1 4 2 5 0 1 1 1 1 0 1 0 1
1 3 1 3 3 5 0 0 1 0 1 0 1 0 1
1 4 1 3 4 5 1 1 1 0 1 1 1 0 0
1 3 1 4 4 5 1 0 1 0 0 0 1 0 0
1 3 1 3 0 5 0 0 1 1 1 1 2 0 0
1 6 1 3 0 5 1 1 0 1 0 1 2 0 0
1 4 1 4 0 5 1 0 0 0 1 0 2 0 0
1 4 1 3 1 5 1 0 0 0 0 1 2 0 0
1 4 1 3 2 5 0 0 1 1 0 1 2 0 0
1 6 1 4 2 5 1 0 0 1 1 1 2 0 1
1 4 1 4 3 5 0 0 1 0 1 0 2 0 1
1 6 1 4 3 5 1 1 0 1 0 0 2 0 0
1 3 1 3 4 5 0 0 0 0 1 1 2 0 1
1 6 1 3 4 5 1 0 1 0 0 0 2 0 1
1 4 1 4 4 5 0 0 1 1 0 0 2 0 1
1 3 1 3 0 5 1 0 0 0 0 0 3 0 0
1 6 1 4 0 5 1 1 0 1 0 0 3 0 1
1 6 1 3 1 5 0 0 0 1 0 0 3 0 1
1 3 1 4 1 5 0 0 1 1 1 1 3 0 0
1 4 1 4 1 5 0 1 1 1 1 0 3 0 1
1 3 1 3 2 5 0 1 0 0 0 0 3 0 1
1 4 1 3 2 5 1 0 0 1 1 0 3 0 0
1 6 1 3 3 5 0 1 1 0 0 1 3 0 0
1 4 1 4 3 5 1 0 0 0 0 0 3 0 1
1 6 1 3 4 5 1 1 0 1 1 1 3 0 1
1 4 1 4 4 5 0 0 0 0 0 0 3 0 1
1 3 1 3 0 5 1 1 1 1 1 0 4 0 0
1 6 1 3 0 5 0 0 1 1 1 1 4 0 1
1 4 1 4 0 5 0 0 1 1 1 0 4 0 1
1 6 1 3 1 5 1 1 0 0 0 1 4 0 0
1 3 1 4 1 5 1 0 0 1 1 0 4 0 1
1 4 1 4 1 5 0 1 0 1 0 0 4 0 1
1 4 1 3 2 5 0 1 1 1 0 1 4 0 0
1 3 1 4 2 5 0 0 0 1 1 1 4 0 1
1 6 1 4 4 5 1 0 1 0 0 1 4 0 0
0 0 0 0 3 0 0 1 0 0 1 0 3 0 0
0 0 0 0 3 0 0 1 1 1 1 1 0 1 1
0 7 0 0 3 0 1 0 0 0 0 1 0 1 1
0 7 0 0 2 0 0 0 1 1 1 0 3 1 1
0 0 0 1 3 0 1 1 0 0 0 1 4 1 0
0 7 0 1 3 0 0 1 1 1 1 1 2 0 1
0 1 1 0 1 0 0 0 0 0 1 1 1 0 1
0 1 1 1 1 0 0 0 0 1 1 0 2 2 0
0 1 1 1 2 0 0 1 0 0 0 0 3 0 0
0 2 1 2 2 3 0 1 0 0 1 1 4 2 1
1 3 0 4 4 5 0 0 1 0 1 1 0 0 0
1 4 1 4 2 5 0 1 1 0 1 0 0 0 1
1 4 1 3 3 5 0 1 1 1 1 0 4 0 0
1 6 1 4 4 5 1 1 0 0 0 0 0 0 0
1 4 1 3 3 5 1 0 0 0 1 1 2 0 0
0 0 1 0 0 0 0 0 1 0 1 1 0 0 0
0 2 1 2 3 2 0 0 1 1 0 1 1 1 0
0 2 0 2 1 2 0 1 0 1 0 1 2 1 0
0 7 1 1 4 0 1 0 1 1 0 0 3 1 0
0 7 1 0 0 0 1 1 0 0 0 0 0 2 0
0 1 1 0 4 1 0 0 0 0 0 0 1 0 1
0 1 1 0 0 1 0 1 1 0 0 0 3 0 0
0 1 1 0 0 1 0 0 0 1 0 0 4 0 1
0 1 1 1 0 1 0 0 0 0 1 1 0 1 1
0 2 0 2 2 4 0 0 1 1 1 1 3 2 0
0 2 0 0 1 4 1 0 1 0 0 0 0 0 0
0 1 1 1 0 1 1 0 1 1 0 1 1 0 0
0 2 0 2 2 4 1 1 1 1 0 1 2 0 1
0 1 1 0 4 1 1 1 0 0 1 1 4 0 1
0 2 0 0 1 4 1 1 0 0 1 1 1 1 0
0 1 1 1 0 1 1 1 0 1 0 0 4 1 0
0 2 0 1 2 4 1 0 1 1 1 0 4 1 1
0 2 0 0 1 3 1 1 1 0 1 0 0 2 0
0 2 0 1 2 4 1 1 0 0 0 0 1 2 0
0 2 0 0 1 4 1 0 1 1 0 0 3 2 0
0 2 1 2 1 3 0 0 0 1 0 1 3 0 0
0 2 0 0 3 3 0 0 1 1 0 1 2 2 0
0 2 1 2 2 3 1 1 1 0 1 1 1 0 1
0 2 0 0 2 3 1 1 0 0 1 1 4 0 1
0 2 0 0 3 2 1 1 1 0 0 0 2 1 1
0 2 0 2 2 4 1 1 1 0 0 0 0 1 1
0 2 1 1 1 2 1 0 1 1 1 1 3 0 0
0 2 0 0 1 2 1 1 0 1 1 1 4 0 1
0 1 0 0 2 0 0 1 0 1 1 1 3 1 1
1 6 0 3 4 5 0 1 0 1 1 0 0 0 1
1 6 0 4 2 5 0 1 0 1 1 1 1 0 0
1 6 0 3 3 5 0 0 1 0 1 1 1 0 0
1 3 0 4 4 5 0 0 1 1 1 0 1 0 0
1 6 0 4 4 5 0 0 0 1 0 1 1 0 1
1 3 0 4 1 5 0 1 0 0 1 0 2 0 0
1 4 0 3 1 5 0 0 1 1 0 0 2 0 1
1 6 0 4 1 5 0 1 0 1 0 0 2 0 0
1 4 0 4 2 5 0 0 1 0 0 0 2 0 0
1 6 1 3 0 5 0 0 0 1 1 1 0 0 1
1 6 1 4 1 5 0 0 1 0 1 1 0 0 0
1 3 1 4 3 5 0 0 1 1 1 0 0 0 1
1 4 1 3 0 5 0 0 0 1 1 1 2 0 0
1 6 1 3 2 5 0 0 0 1 1 0 2 0 1
0 7 1 0 3 0 0 0 0 0 0 0 2 1 0
1 4 1 4 2 5 0 1 0 0 1 1 3 0 1
1 4 1 3 3 5 0 1 1 0 1 0 3 0 0
1 6 1 4 4 5 0 0 0 0 1 1 3 0 0
1 6 1 4 2 5 0 1 1 0 1 0 4 0 0
1 6 1 3 4 5 0 0 0 1 1 0 4 0 0
1 6 0 3 1 5 1 0 0 0 0 1 0 0 1
1 4 0 3 2 5 1 1 0 0 1 0 0 0 0
1 3 0 3 3 5 1 1 1 1 0 0 0 0 0
1 3 0 3 0 5 1 1 0 0 1 1 2 0 0
1 3 0 4 2 5 1 1 1 1 0 1 2 0 0
1 3 0 3 4 5 1 0 0 1 0 0 2 0 1
1 4 0 4 4 5 1 0 1 0 1 0 2 0 0
1 3 0 4 1 5 1 0 1 1 0 1 3 0 1
1 4 0 4 1 5 1 0 1 1 0 0 3 0 1
1 4 0 3 2 5 1 1 1 0 0 1 3 0 0
1 3 0 3 3 5 1 0 1 0 0 1 3 0 0
1 6 0 4 4 5 1 1 0 0 1 0 4 0 1
1 4 1 3 0 5 1 0 1 1 0 1 0 0 1
1 6 1 3 1 5 1 1 1 0 1 1 1 0 0
1 3 1 4 2 5 1 1 0 0 1 1 1 0 1
0 0 1 0 1 0 1 1 0 1 0 1 2 0 0
1 4 1 3 2 5 1 1 1 0 1 1 2 0 1
1 4 1 3 4 5 1 1 0 1 0 1 3 0 1
1 4 1 3 0 5 1 0 1 0 0 0 4 0 0
1 4 1 3 1 5 1 1 0 0 0 1 4 0 0
1 4 1 4 2 5 1 0 0 1 1 0 4 0 0
0 1 1 0 1 1 0 1 1 0 0 0 0 0 1
0 7 1 1 0 0 0 0 1 0 0 1 1 0 0
0 7 0 1 1 1 0 1 1 1 1 1 1 0 1
0 7 0 1 2 1 0 1 0 0 0 0 2 0 1
0 0 1 0 3 0 0 0 0 1 0 0 4 0 1
0 0 1 0 0 0 0 1 0 0 1 0 1 1 1
0 7 0 0 2 1 0 0 0 1 0 1 1 1 0
0 0 1 0 0 0 0 0 0 0 1 1 3 1 0
0 7 1 1 0 0 0 1 0 0 1 0 3 1 0
0 7 1 1 0 0 0 0 0 1 0 0 4 1 0
0 7 1 0 4 0 0 0 1 0 0 0 0 2 0
0 7 1 0 0 0 0 1 0 1 1 0 2 2 0
0 0 1 1 4 0 0 1 0 0 0 0 2 2 1
0 0 1 1 0 0 0 0 0 1 1 1 4 2 0
0 7 1 0 4 0 0 1 0 0 0 0 4 2 1
0 0 0 0 3 1 1 1 0 0 0 0 0 0 1
0 1 1 0 2 1 1 1 0 1 0 1 1 0 1
0 7 1 0 0 0 1 0 1 0 0 0 2 0 1
0 1 1 0 1 1 1 0 0 0 0 0 2 0 0
0 1 1 0 2 0 1 1 1 0 1 1 2 0 0
0 0 1 1 0 0 1 1 0 1 1 0 0 1 0
0 1 0 1 2 0 1 1 1 0 0 0 0 1 1
0 7 1 1 4 0 1 1 1 1 0 1 0 1 1
0 7 1 1 3 0 1 0 1 0 1 1 1 1 1
0 1 0 1 1 0 1 0 1 1 0 0 2 1 0
0 0 0 1 2 1 1 1 0 1 0 0 2 1 0
0 0 0 0 2 1 1 0 0 1 0 1 3 1 1
0 0 0 0 1 0 1 1 0 1 0 0 0 2 1
0 1 0 1 1 0 1 1 1 0 1 1 1 2 0
0 0 0 1 2 1 1 0 0 0 0 1 1 2 1
0 0 1 0 0 0 1 0 0 0 0 0 3 2 1
0 1 1 0 1 0 1 0 0 0 0 1 4 2 0
0 0 1 1 4 0 1 1 0 0 0 0 4 2 1
1 3 0 3 0 5 0 0 1 1 1 0 0 0 1
1 5 0 4 0 5 0 1 0 0 0 0 0 0 1
1 5 0 4 1 5 0 0 0 0 1 0 0 0 1
1 5 0 4 2 5 0 0 1 0 1 0 0 0 1
1 5 0 3 3 5 0 1 1 1 1 0 0 0 1
1 6 1 4 3 5 0 0 0 0 1 1 0 0 1
1 3 1 3 4 5 0 1 0 1 0 1 0 0 0
1 5 0 4 4 5 0 0 1 0 1 1 0 0 1
1 5 0 3 0 5 0 1 0 1 1 1 1 0 0
1 5 0 3 1 5 0 0 0 0 0 0 1 0 1
1 4 1 4 1 5 0 0 0 0 1 0 1 0 1
1 4 1 3 2 5 0 0 1 0 1 0 1 0 0
1 5 0 4 2 5 0 0 1 1 0 0 1 0 0
0 1 1 1 3 0 0 0 0 1 1 1 1 2 0
1 4 0 3 3 5 0 0 0 1 1 0 1 0 1
1 5 0 3 3 5 0 1 1 1 1 1 1 0 1
1 3 1 4 3 5 0 0 0 0 0 1 1 0 0
0 0 1 0 4 0 0 0 0 1 0 0 1 2 0
1 4 1 3 4 5 0 0 0 1 0 0 1 0 0
1 5 0 4 0 5 0 1 0 1 1 0 2 0 1
1 5 0 4 2 5 0 0 1 0 1 0 2 0 1
1 5 0 4 3 5 0 1 0 1 0 0 2 0 0
1 5 0 3 4 5 0 0 0 0 1 0 2 0 0
1 5 0 3 0 5 0 1 1 1 0 1 3 0 0
1 5 0 3 2 5 0 1 1 0 1 1 3 0 1
1 3 1 4 2 5 0 0 1 1 0 1 3 0 1
1 5 0 4 3 5 0 1 1 1 1 0 3 0 0
1 5 0 3 4 5 0 0 0 1 1 1 3 0 0
1 5 0 4 1 5 0 0 0 0 1 1 4 0 0
1 5 0 4 2 5 0 1 1 0 1 1 4 0 1
1 3 1 3 3 5 0 0 0 1 0 0 4 0 1
1 5 0 3 3 5 0 1 0 1 0 0 4 0 1
1 6 0 3 3 5 0 0 0 1 0 1 4 0 1
1 4 1 4 3 5 0 0 1 0 0 0 4 0 0
1 4 0 3 4 5 0 0 1 0 0 1 4 0 0
1 5 0 4 4 5 0 1 0 0 0 0 4 0 0
0 7 1 1 0 0 1 0 1 1 1 1 0 2 1
1 5 0 3 0 5 1 1 1 1 0 0 0 0 0
1 3 0 4 0 5 1 1 1 0 1 0 0 0 0
1 5 0 3 1 5 1 0 0 0 0 1 0 0 0
1 6 0 3 3 5 1 1 1 1 0 1 0 0 1
1 5 0 3 4 5 1 0 0 0 0 1 0 0 1
1 5 0 4 0 5 1 1 1 1 0 0 1 0 0
1 4 1 3 1 5 1 0 0 0 0 1 1 0 1
1 5 0 4 1 5 1 1 1 1 0 1 1 0 0
1 5 0 3 2 5 1 0 0 1 1 1 1 0 1
1 4 1 4 2 5 1 0 0 1 0 1 1 0 1
1 3 0 3 3 5 1 1 0 1 1 1 1 0 1
1 4 0 4 3 5 1 0 1 0 0 0 1 0 1
1 5 0 4 3 5 1 1 1 0 0 0 1 0 0
0 0 1 1 4 0 1 1 1 1 0 1 1 1 0
1 5 0 3 4 5 1 1 0 1 1 1 1 0 0
1 5 0 3 0 5 1 0 0 0 1 0 2 0 1
1 5 0 3 1 5 1 1 1 1 1 1 2 0 0
1 5 0 3 2 5 1 0 1 1 0 0 2 0 1
1 5 0 3 3 5 1 1 1 1 1 0 2 0 1
1 5 0 4 4 5 1 0 0 1 1 1 2 0 1
1 6 0 3 1 5 1 0 0 0 1 0 3 0 0
1 5 0 4 1 5 1 1 0 0 1 0 3 0 1
1 3 0 3 2 5 1 1 1 0 1 1 3 0 1
1 5 0 4 2 5 1 1 1 0 0 0 3 0 0
1 5 0 3 3 5 1 0 1 0 0 1 3 0 0
1 5 0 4 4 5 1 1 1 1 1 0 3 0 0
1 5 0 4 0 5 1 0 0 0 1 0 4 0 0
1 5 0 3 1 5 1 0 0 1 1 0 4 0 1
1 3 0 4 3 5 1 1 1 0 0 0 4 0 0
1 5 0 4 3 5 1 1 0 0 0 1 4 0 1
1 6 1 4 3 5 1 1 0 1 1 1 4 0 1
1 4 1 4 4 5 1 0 1 1 0 0 4 0 0
0 0 0 1 3 1 1 0 0 0 1 1 2 0 1
0 1 1 0 4 0 1 1 1 0 0 0 2 2 1
0 2 0 2 3 4 1 0 1 1 0 1 0 0 1
0 7 1 0 4 0 1 0 0 1 0 0 4 1 0
0 2 1 2 1 3 1 1 1 0 0 0 1 0 0
0 2 0 2 3 4 1 1 1 0 0 0 3 1 0
0 0 1 1 4 0 1 1 1 1 0 1 4 1 1
0 2 0 2 3 4 1 1 1 0 1 0 1 2 0
0 7 1 0 4 0 0 1 0 1 1 1 3 2 1
0 2 0 1 3 4 1 0 1 1 1 1 4 2 0
0 2 0 1 1 4 0 0 1 0 0 1 2 0 1
0 1 1 1 4 1 1 0 1 0 0 0 2 0 0
0 0 0 0 1 1 1 0 1 1 1 0 3 0 1
0 2 0 2 2 2 0 0 1 0 1 0 0 1 0
0 1 1 0 0 1 1 0 0 1 1 1 1 1 1
0 1 1 0 4 1 1 0 1 1 1 0 1 1 1
0 1 1 1 4 1 0 0 1 0 1 0 0 2 0
0 1 1 1 0 1 0 0 1 1 0 1 4 2 0
0 1 1 0 0 1 0 1 1 0 1 0 0 0 0
0 2 0 2 3 3 0 1 0 1 0 1 2 0 0
0 1 1 0 4 1 0 1 1 0 1 0 3 0 0
0 2 0 0 1 4 1 1 0 0 1 0 2 1 1
0 7 0 0 3 1 1 1 1 0 0 1 2 1 0
0 1 1 0 4 1 1 1 1 0 1 1 2 1 0
0 1 1 1 0 1 1 1 0 0 0 1 1 2 0
0 1 1 0 0 1 1 1 0 1 0 1 2 2 0
0 2 0 1 2 4 1 0 1 0 0 1 4 0 0
0 2 0 1 3 3 0 0 1 1 1 1 1 1 1
0 2 0 2 3 2 1 0 0 1 0 1 4 1 0
0 2 1 0 1 2 1 0 0 0 0 1 3 2 1
0 2 0 0 3 2 0 1 1 1 1 0 3 0 1
0 2 0 0 3 4 1 1 1 1 1 0 4 0 1
0 2 1 2 3 3 0 1 0 0 1 1 0 1 0
0 2 0 1 3 3 1 1 0 0 0 0 3 1 0
0 2 0 1 1 3 1 0 1 1 0 0 0 1 0
0 2 0 0 3 4 0 0 1 0 0 0 0 2 1
0 2 0 1 3 4 1 0 0 1 0 1 1 0 0
0 2 0 1 3 4 1 1 1 0 1 0 0 1 0
0 2 0 0 1 3 1 1 1 1 0 1 3 0 0
1 4 1 4 0 5 0 0 0 0 0 1 0 0 1
1 5 0 4 0 5 0 0 1 0 1 1 2 0 0
1 3 1 3 1 5 0 0 1 0 1 1 2 0 0
1 5 0 3 1 5 0 0 1 0 0 1 2 0 0
1 6 1 3 1 5 0 0 1 1 0 0 2 0 0
1 3 0 3 3 5 0 0 0 0 1 0 2 0 1
1 3 1 4 0 5 0 0 1 1 0 1 3 0 1
1 5 0 3 3 5 0 0 0 1 1 0 3 0 1
1 6 0 3 3 5 0 0 1 1 1 1 3 0 1
1 3 0 3 1 5 0 0 0 0 1 0 4 0 0
1 6 1 4 1 5 0 0 0 1 0 0 4 0 1
1 5 0 3 4 5 0 0 0 0 0 1 4 0 1
1 5 0 4 0 5 1 0 0 1 1 0 0 0 0
1 3 1 3 1 5 1 0 0 1 1 1 0 0 0
1 5 0 3 3 5 1 0 0 1 0 1 0 0 1
1 5 0 3 0 5 1 0 1 0 1 0 1 0 1
1 5 0 3 3 5 1 0 0 0 1 1 1 0 1
1 5 0 4 4 5 1 0 0 0 0 0 1 0 0
1 6 1 3 4 5 1 0 0 0 1 1 1 0 1
1 6 0 4 0 5 1 0 1 1 0 1 2 0 1
1 5 0 3 1 5 1 0 0 0 0 1 3 0 1
1 6 0 3 2 5 1 0 0 0 1 0 3 0 0
1 3 0 3 4 5 1 0 0 0 0 0 3 0 1
1 5 0 4 2 5 1 0 1 1 1 1 4 0 0
1 5 0 3 3 5 1 0 0 0 0 0 4 0 0
1 3 0 4 4 5 1 0 0 0 1 0 4 0 1
1 3 1 4 1 5 0 1 1 1 0 0 0 0 1
1 5 0 3 2 5 0 1 0 0 0 0 0 0 1
1 4 0 3 0 5 0 1 0 0 0 0 1 0 0
1 6 0 4 4 5 0 1 1 1 1 1 1 0 1
1 6 0 3 0 5 0 1 1 0 0 1 2 0 1
1 4 1 4 1 5 0 1 0 1 1 1 2 0 1
1 6 1 4 2 5 0 1 1 0 1 1 2 0 0
1 4 0 3 0 5 0 1 0 0 1 0 3 0 1
1 6 1 4 2 5 0 1 0 1 1 0 3 0 1
1 3 0 4 4 5 0 1 0 1 0 0 3 0 1
1 3 1 3 4 5 0 1 1 0 0 1 4 0 0
1 4 1 4 0 5 1 1 0 0 0 1 0 0 0
1 5 0 3 0 5 1 1 0 1 0 0 2 0 0
1 3 1 4 1 5 1 1 1 1 0 0 2 0 0
1 3 1 4 3 5 1 1 1 0 1 1 2 0 1
1 4 1 3 1 5 1 1 0 0 0 0 3 0 0
1 5 0 4 3 5 1 1 1 0 0 1 3 0 0
1 6 0 4 3 5 1 1 1 1 0 1 3 0 0
1 4 0 3 2 5 1 1 0 0 0 0 4 0 1
1 5 0 4 4 5 1 1 1 1 1 1 4 0 0
1 6 0 4 0 5 0 0 0 1 0 0 0 0 0
1 3 0 3 1 5 1 0 1 1 1 1 1 0 0
1 4 0 4 0 5 0 0 1 1 1 1 2 0 1
1 6 0 3 4 5 0 0 1 1 0 0 3 0 0
1 6 0 3 0 5 0 0 0 0 1 0 4 0 0
0 7 1 1 1 0 1 0 1 0 1 0 1 2 1
1 3 1 3 2 5 1 0 1 1 1 1 1 0 0
1 6 1 3 3 5 1 0 0 0 1 0 1 0 0
1 6 1 3 3 5 0 0 1 1 0 1 2 0 1
1 6 1 4 0 5 0 0 0 0 0 1 3 0 1
1 3 0 4 0 5 1 1 0 1 1 0 1 0 1
1 3 0 3 2 5 0 1 1 0 1 1 1 0 0
1 6 0 4 3 5 0 1 1 1 1 0 1 0 0
1 6 0 3 0 5 1 1 0 0 0 0 3 0 0
1 4 0 4 3 5 0 1 0 1 0 1 3 0 1
1 4 0 4 4 5 1 1 1 0 1 0 3 0 1
1 3 0 4 2 5 0 1 1 0 0 0 4 0 1
1 6 0 3 2 5 0 1 1 1 1 1 4 0 1
1 4 0 4 3 5 1 1 1 1 0 1 4 0 0
1 3 1 3 1 5 1 1 1 1 1 0 1 0 0
1 4 1 3 0 5 1 1 1 1 1 1 2 0 0
1 6 1 4 0 5 1 1 1 1 1 0 4 0 0
0 1 0 0 1 0 1 0 1 1 1 0 3 0 0
0 1 1 1 2 1 1 0 1 0 1 0 3 0 1
0 0 0 1 2 0 0 0 1 0 1 0 4 0 0
0 0 0 1 1 1 1 0 1 0 0 1 0 1 1
0 0 0 1 1 1 0 0 0 0 0 1 1 1 0
0 1 0 0 1 0 0 0 1 1 0 1 1 1 0
0 7 1 1 0 0 1 0 0 1 0 0 2 1 0
0 7 0 0 1 1 0 0 1 0 1 1 3 1 1
0 1 1 1 2 1 0 0 0 0 0 1 4 1 0
0 1 1 0 1 1 1 0 0 1 1 0 0 2 0
0 0 1 1 0 0 1 0 0 1 1 0 1 2 1
0 1 0 0 2 0 0 0 1 0 0 0 1 2 1
0 7 0 1 3 1 0 0 0 0 1 1 4 2 0
0 0 1 0 0 0 1 1 1 0 1 0 1 0 1
0 1 0 1 1 0 0 1 1 1 1 0 2 0 0
0 7 1 1 4 0 0 1 0 0 1 1 2 0 0
0 0 1 1 0 0 1 1 1 1 0 1 3 0 1
0 7 1 1 0 0 1 1 1 1 1 0 0 1 1
0 7 1 1 4 0 0 1 1 1 0 1 1 1 1
0 0 1 1 0 0 0 1 1 0 0 1 2 1 1
0 0 1 0 4 0 0 1 0 1 1 1 2 1 0
0 0 1 0 1 0 1 1 1 1 1 1 3 1 0
0 1 0 0 2 0 0 1 0 1 1 1 0 2 1
0 7 1 0 0 0 0 1 0 0 0 1 4 2 1
1 4 1 4 1 5 0 0 0 0 0 0 0 0 1
0 1 1 0 3 1 0 0 1 0 0 0 0 1 1
1 4 1 3 3 5 0 0 0 0 1 1 0 0 0
1 6 1 4 0 5 0 0 0 1 0 1 1 0 1
1 4 0 3 4 5 1 0 0 1 1 1 2 0 1
1 3 1 3 1 5 1 0 0 1 1 0 3 0 1
1 5 0 4 4 5 1 0 0 0 0 0 3 0 1
1 4 0 3 1 5 1 1 0 0 1 1 0 0 0
1 4 0 4 3 5 1 1 1 0 1 1 0 0 1
1 6 1 3 0 5 1 1 1 0 0 1 1 0 0
1 5 0 3 1 5 1 1 0 1 1 1 1 0 1
1 3 0 3 2 5 1 1 0 1 1 0 2 0 0
1 6 1 3 4 5 0 1 0 0 0 0 2 0 0
1 4 1 4 4 5 0 1 0 0 1 0 2 0 1
1 3 0 4 1 5 1 1 1 1 0 0 3 0 1
1 5 0 3 4 5 0 1 1 0 0 1 3 0 1
0 7 0 1 1 1 1 0 0 0 0 1 0 0 1
0 0 0 1 3 1 0 1 1 1 1 1 4 2 0
0 1 1 1 4 1 0 0 0 0 0 0 3 1 0
0 2 0 2 3 2 1 0 0 0 0 1 0 2 0
0 2 1 2 3 3 1 0 0 0 1 0 4 0 1
0 1 1 0 3 1 0 0 0 1 1 1 3 2 0
0 2 0 2 1 4 0 1 1 0 1 1 2 2 0
0 2 0 0 3 3 0 1 0 0 0 0 4 1 0
0 1 1 0 0 1 1 1 0 0 1 1 0 2 0
0 2 1 2 1 2 0 0 0 0 0 1 0 0 1
0 2 1 2 3 2 1 0 0 1 1 0 4 0 0
0 2 0 1 3 4 0 1 0 1 0 1 2 1 1
0 1 1 0 0 1 0 0 1 0 1 0 3 1 0
0 1 1 1 4 1 0 0 1 0 0 1 4 2 0
0 2 1 1 3 2 1 1 0 0 0 1 1 2 0
0 2 1 2 2 2 1 0 0 1 0 1 1 2 1
0 2 0 1 3 2 1 1 1 1 0 0 0 2 0
0 2 0 0 1 2 0 0 1 0 1 0 1 2 0
0 2 0 1 1 3 1 1 1 1 1 1 4 2 1
0 1 1 1 4 1 1 1 0 1 1 0 0 1 1
0 2 1 0 2 3 1 1 0 1 0 0 1 1 0
0 2 1 2 3 3 0 0 0 0 0 0 1 2 0
0 2 0 0 2 2 1 1 0 1 0 0 2 0 1
0 2 0 0 2 4 0 1 1 0 0 1 0 1 0
0 1 1 0 4 1 0 0 1 0 1 1 0 1 1
0 2 0 0 1 3 1 1 1 0 1 0 1 1 1
0 2 1 0 1 2 0 1 1 1 0 1 2 2 0
0 2 0 2 1 3 1 1 1 1 0 1 2 0 0
0 2 1 1 2 2 1 1 1 1 0 1 2 1 0
0 1 0 0 3 0 0 0 0 0 1 1 0 2 0
1 3 1 4 2 5 1 0 0 0 0 0 0 0 1
1 3 1 3 0 5 0 0 0 1 0 0 1 0 1
1 6 1 3 0 5 0 0 0 0 1 0 2 0 1
1 6 0 4 1 5 1 0 0 0 1 0 2 0 0
1 4 1 3 2 5 1 0 0 1 0 0 2 0 1
1 6 0 3 3 5 1 0 0 0 1 1 2 0 0
1 3 1 4 3 5 1 0 0 0 0 0 3 0 1
1 4 0 4 0 5 0 0 0 0 0 1 4 0 0
1 5 0 4 2 5 0 0 0 1 1 0 4 0 1
1 6 0 4 0 5 0 1 0 0 0 1 0 0 0
1 3 0 4 1 5 0 1 0 0 0 1 1 0 1
1 5 0 3 2 5 0 1 0 1 0 1 1 0 0
1 4 1 4 3 5 0 1 0 0 0 0 1 0 0
1 5 0 4 2 5 1 1 0 0 1 0 2 0 0
1 3 0 4 4 5 1 1 0 0 1 0 2 0 1
0 0 1 0 0 0 0 1 0 1 0 0 4 1 1
1 6 0 4 0 5 0 0 1 0 1 0 0 0 1
1 6 0 4 2 5 0 0 1 1 0 0 2 0 1
1 5 0 3 3 5 0 0 1 0 0 0 2 0 0
1 3 0 3 4 5 0 0 1 0 0 1 2 0 0
0 0 0 1 3 1 0 0 1 0 0 1 3 2 1
1 6 1 4 2 5 1 1 1 1 0 1 0 0 1
0 1 1 1 3 1 1 1 1 0 1 0 0 0 1
1 3 1 3 0 5 1 1 1 0 1 1 1 0 1
1 4 1 4 0 5 1 1 1 0 1 0 1 0 1
1 3 1 3 0 5 1 1 1 0 1 1 3 0 0
1 3 0 3 3 5 0 1 1 1 1 0 3 0 1
1 4 1 3 0 5 1 1 1 0 1 1 4 0 0
1 3 0 4 0 5 0 0 0 1 0 0 0 0 0
1 5 0 4 3 5 0 0 0 0 1 0 0 0 0
1 5 0 4 3 5 0 0 0 1 0 0 1 0 0
1 5 0 4 0 5 0 0 0 1 0 1 4 0 0
0 0 0 0 1 0 0 0 0 0 0 0 4 1 1
1 5 0 4 2 5 1 1 0 1 0 1 0 0 1
1 5 0 4 0 5 1 0 0 0 0 1 1 0 1
1 4 0 3 4 5 1 1 0 0 1 1 4 0 1
1 5 0 3 0 5 0 1 1 0 0 1 1 0 0
0 7 1 0 0 0 0 0 1 0 1 1 2 2 1
1 5 0 3 1 5 0 1 1 1 0 0 4 0 0
1 5 0 3 0 5 1 0 1 1 0 0 4 0 1
0 0 0 1 1 1 1 0 1 0 1 0 4 0 1
1 4 0 4 4 5 0 1 0 1 1 0 0 0 1
1 4 0 4 1 5 1 0 0 1 1 1 4 0 0
1 6 1 3 2 5 1 1 0 1 0 1 1 0 1
1 3 1 3 0 5 0 0 0 0 0 1 4 0 0
1 6 0 3 4 5 1 0 1 0 1 1 2 0 0
1 3 0 3 0 5 0 1 1 0 0 0 4 0 1
1 4 1 3 4 5 0 0 1 1 0 0 0 0 1
1 4 1 3 1 5 1 0 1 0 1 1 4 0 1
0 7 1 0 0 0 0 1 0 0 1 1 0 0 0
0 7 0 1 2 0 0 0 0 1 0 0 3 0 1
0 7 1 0 4 0 0 1 0 0 1 0 3 0 0
0 7 1 0 3 0 1 0 0 1 0 1 4 0 1
0 0 1 0 4 0 0 0 0 0 1 0 4 0 1
0 0 1 1 0 0 1 1 0 1 0 0 2 1 1
0 0 1 1 4 0 0 0 0 0 1 0 3 1 0
0 1 1 1 3 1 0 0 0 0 1 1 2 2 0
0 0 1 0 2 0 0 0 0 1 1 1 4 2 1
0 0 0 0 2 0 1 0 1 0 1 0 1 0 0
0 0 1 1 0 0 0 0 1 0 0 0 2 0 0
0 0 1 0 4 0 0 1 1 0 1 1 3 0 1
0 7 1 1 0 0 1 0 1 0 0 1 4 0 0
0 7 1 1 4 0 0 0 1 1 0 1 4 0 1
0 1 0 0 3 0 0 0 1 1 1 0 3 1 1
0 7 0 0 3 1 0 1 1 0 1 1 3 1 1
0 7 1 0 0 0 0 1 1 0 1 1 1 2 0
0 0 1 0 0 0 0 0 1 1 1 0 2 2 0
0 1 1 1 2 1 0 1 1 1 0 0 3 2 1
1 5 0 3 0 5 1 1 0 0 1 1 0 0 1
0 0 1 0 4 0 1 0 0 0 0 1 0 1 1
1 5 0 4 4 5 1 0 0 1 1 0 0 0 0
1 4 1 4 3 5 1 1 0 1 0 0 2 0 1
1 5 0 3 0 5 0 1 0 0 1 0 3 0 0
1 5 0 4 0 5 0 0 1 0 1 1 0 0 1
0 0 1 1 4 0 0 1 1 1 0 0 0 2 1
1 5 0 3 4 5 0 1 1 1 0 0 0 0 1
1 4 0 3 3 5 1 1 1 1 1 0 2 0 1
0 7 1 0 4 0 1 1 1 0 0 1 2 2 0
1 5 0 4 0 5 1 0 1 1 1 0 3 0 1
1 6 1 3 1 5 1 1 1 1 0 1 4 0 0
1 3 0 4 1 5 1 1 1 0 0 0 4 0 1
0 2 1 2 2 3 1 1 0 0 0 1 2 1 1
0 2 1 2 2 2 1 0 1 0 1 0 4 1 1
0 2 1 2 3 2 1 0 0 0 0 0 1 0 1
0 2 0 2 2 4 1 0 0 1 0 1 1 1 0
0 2 1 2 1 3 0 0 0 1 0 1 4 0 1
0 2 0 0 1 4 0 0 1 1 1 1 0 1 1
0 1 1 0 0 1 1 1 1 1 1 0 3 2 0
0 2 0 2 1 4 1 0 1 0 1 1 1 0 0
0 0 0 1 2 1 1 1 0 0 1 1 3 1 0
0 7 0 0 1 1 1 0 1 0 1 0 2 2 0
0 1 1 1 4 1 1 0 1 0 1 0 3 2 0
0 2 0 0 2 4 1 0 1 1 0 1 1 0 0
0 2 0 1 3 4 1 0 0 1 1 1 3 0 0
0 1 1 1 4 1 1 0 1 1 1 0 3 0 0
0 1 1 0 0 1 1 1 0 1 0 1 2 1 1
0 1 1 0 4 1 1 0 1 1 1 1 4 1 0
0 2 0 2 1 4 1 0 1 1 1 1 1 2 1
0 2 0 1 2 2 0 0 0 1 0 0 3 2 1
0 2 0 2 2 2 0 0 1 1 1 1 2 0 1
0 2 1 1 3 2 0 0 0 0 1 0 2 2 0
0 2 1 0 3 3 1 0 0 0 1 1 3 0 1
0 2 0 2 3 2 0 0 0 0 1 1 3 0 0
0 2 1 0 1 3 1 1 0 0 0 0 4 2 0
0 2 0 1 2 2 0 1 1 0 0 1 4 1 0
0 2 0 0 2 4 1 1 0 1 1 0 2 2 0
1 3 1 3 4 5 0 1 0 0 1 0 0 0 1
1 5 0 3 1 5 1 0 0 0 1 0 2 0 1
1 5 0 3 2 5 1 1 0 0 0 1 4 0 1
1 3 1 3 3 5 0 1 0 0 1 0 4 0 0
1 6 0 4 4 5 1 0 1 0 0 0 0 0 0
1 5 0 4 1 5 1 1 1 0 1 0 1 0 0
1 5 0 3 0 5 0 1 1 0 0 0 4 0 0
1 5 0 4 3 5 0 1 1 0 1 0 4 0 0
1 5 0 3 1 5 0 1 0 1 0 0 0 0 1
1 3 0 4 2 5 0 1 0 1 1 1 0 0 1
1 4 0 4 3 5 0 1 0 1 1 0 0 0 0
1 5 0 4 2 5 0 0 0 1 0 1 2 0 0
1 6 1 3 3 5 1 0 0 1 1 1 3 0 0
1 6 1 4 1 5 1 0 1 1 0 1 0 0 1
1 3 1 3 4 5 1 0 1 1 0 1 0 0 1
1 4 0 4 4 5 0 1 1 1 0 0 3 0 0
1 3 0 4 3 5 0 1 1 1 1 1 4 0 1
1 6 1 4 0 5 0 0 1 0 1 0 1 0 0
0 1 1 1 2 1 1 1 1 0 1 0 1 0 0
1 5 0 4 1 5 0 0 1 1 0 1 3 0 1
1 6 0 3 0 5 1 1 0 1 1 1 1 0 1
1 5 0 3 4 5 1 1 0 1 0 0 2 0 1
1 6 0 4 2 5 0 0 0 0 0 1 3 0 0
1 5 0 3 4 5 1 1 1 0 1 0 4 0 1
1 5 0 3 0 5 0 0 0 1 1 1 0 0 0
1 4 1 4 1 5 0 0 1 1 1 1 0 0 0
0 7 1 1 4 0 0 0 1 1 0 1 0 0 0
1 3 1 3 1 5 0 0 0 1 0 1 4 0 1
1 5 0 3 4 5 0 0 1 1 1 0 4 0 0
1 4 0 3 3 5 1 0 0 1 0 1 1 0 1
1 5 0 3 2 5 1 0 0 1 1 0 3 0 0
1 6 1 4 2 5 1 1 0 1 1 1 3 0 1
1 3 0 4 1 5 1 0 1 0 0 0 0 0 0
0 0 1 0 1 0 0 0 0 0 0 0 1 1 0
1 3 1 4 0 5 1 1 1 0 0 0 2 0 0
0 0 1 0 3 0 0 0 0 0 0 1 3 1 0
1 4 0 3 0 5 1 0 0 1 1 0 1 0 1
1 3 0 4 0 5 0 0 1 1 1 1 2 0 1
0 1 0 0 3 0 0 0 1 1 0 0 2 1 1
1 3 1 3 4 5 0 1 0 1 1 0 1 0 0
0 7 0 0 2 1 1 1 1 0 1 0 0 0 0
0 0 0 0 3 1 1 1 0 0 1 0 1 0 0
0 7 1 0 1 0 1 0 0 0 1 0 4 0 1
0 1 1 1 3 1 0 0 1 0 1 0 4 0 1
0 7 1 1 0 0 0 1 0 0 0 1 1 1 1
0 0 1 0 2 0 1 0 0 0 0 1 2 1 0
0 0 0 0 3 1 1 0 1 0 1 0 2 2 1
0 7 1 1 3 0 1 1 1 0 1 0 2 2 0
0 7 1 0 0 0 0 1 1 0 0 1 3 2 1
0 0 1 0 0 0 1 1 1 0 0 0 4 2 0
0 7 1 0 0 0 1 1 1 1 0 1 1 0 0
0 7 1 1 4 0 1 0 1 1 1 1 1 0 1
0 0 1 0 4 0 0 1 1 1 1 1 2 0 0
0 7 1 0 0 0 1 0 0 1 0 1 3 0 0
0 0 1 1 0 0 0 0 0 1 0 1 4 0 1
0 1 0 0 2 0 0 1 0 1 1 1 4 0 1
0 1 1 1 1 0 0 0 0 1 1 1 3 1 1
0 1 1 0 3 0 1 1 0 1 0 1 4 1 0
0 7 1 1 2 0 1 1 0 1 1 0 0 2 1
0 1 1 1 1 0 1 1 1 1 1 1 1 2 0
0 0 0 1 3 1 1 1 0 1 1 0 1 2 0
0 0 0 1 2 1 1 0 0 1 1 0 2 2 1
0 7 1 0 1 0 0 1 1 1 1 1 3 2 0
0 0 1 1 4 0 0 0 0 1 1 0 3 2 1
0 7 0 0 1 1 1 0 1 1 0 1 4 2 0
1 6 1 4 1 5 1 0 1 0 0 0 1 0 1
1 5 0 3 4 5 0 1 0 0 0 1 1 0 1
1 6 0 3 4 5 0 1 0 0 1 1 4 0 0
1 6 0 3 1 5 0 1 0 1 0 1 1 0 1
1 3 0 4 2 5 0 1 0 1 1 0 1 0 0
1 5 0 4 4 5 0 0 0 1 1 1 1 0 1
1 4 1 4 0 5 0 1 0 1 1 1 3 0 0
1 6 1 4 4 5 0 0 1 1 1 1 4 0 1
0 7 0 1 3 1 1 0 1 0 0 0 0 2 0
0 7 0 1 3 1 1 1 0 1 0 1 1 0 0
0 2 1 2 1 3 0 1 0 1 1 1 4 1 0
0 1 1 1 0 1 1 1 0 0 0 1 0 0 0
0 2 0 2 1 2 0 0 0 1 0 0 1 0 0
0 1 1 0 0 1 1 1 0 1 0 0 1 1 1
0 2 0 1 3 2 1 1 0 1 0 1 3 1 1
0 2 0 0 2 3 1 0 1 0 0 0 2 2 1
0 1 1 0 0 1 1 0 1 1 1 1 1 0 0
0 1 1 0 0 1 0 1 1 1 1 0 2 0 1
0 2 0 1 1 2 0 1 1 1 1 0 3 1 1
0 2 0 2 3 4 0 0 0 0 1 0 4 1 1
0 2 1 1 3 3 1 1 1 1 1 0 2 2 0
0 2 0 2 3 2 1 1 1 0 1 0 3 2 1
0 2 0 0 1 4 0 0 1 1 0 0 3 0 1
0 2 0 0 1 3 1 1 1 0 0 0 1 2 1
0 2 1 1 2 2 1 1 1 0 1 0 4 0 0
0 2 0 1 1 3 0 0 1 1 1 0 1 2 1
0 2 0 2 1 4 0 1 0 1 0 0 3 2 0
1 6 1 4 0 5 1 1 0 1 1 0 2 0 1
1 6 0 4 2 5 1 0 1 0 0 0 0 0 0
1 5 0 4 3 5 1 1 0 1 0 0 3 0 0
1 4 0 4 4 5 1 1 1 0 1 0 0 0 0
0 7 1 1 4 0 1 0 0 0 1 0 1 0 1
1 5 0 4 3 5 1 1 0 0 1 1 2 0 0
1 5 0 3 3 5 0 1 0 0 1 1 3 0 0
1 5 0 4 1 5 0 1 1 1 1 0 0 0 0
1 6 0 4 2 5 1 0 0 1 1 1 0 0 0
1 6 1 3 1 5 1 1 1 1 1 1 4 0 1
1 6 1 4 0 5 0 0 1 0 0 1 3 0 1
1 4 0 4 3 5 1 1 1 0 0 0 3 0 0
1 6 0 3 3 5 1 0 1 0 0 1 4 0 1
1 4 0 3 1 5 0 0 0 1 1 1 3 0 0
1 4 1 3 3 5 1 1 0 1 1 1 3 0 1
1 3 0 4 2 5 0 0 1 0 1 1 0 0 0
1 3 1 4 3 5 1 0 0 0 0 0 0 0 0
1 3 0 4 3 5 0 1 0 1 0 1 2 0 0
1 3 1 4 4 5 0 0 0 1 1 1 3 0 1
1 3 0 3 3 5 1 1 1 0 1 0 0 0 0
0 1 0 0 1 0 0 0 1 1 0 1 4 0 1
1 6 0 3 2 5 0 1 0 0 0 0 4 0 0
1 4 1 4 4 5 1 1 1 1 0 0 1 0 1
1 4 0 4 4 5 0 1 0 0 1 1 1 0 1
1 4 0 3 2 5 0 1 0 1 1 1 2 0 0
1 6 1 4 2 5 1 1 1 1 1 1 4 0 1
1 4 0 4 0 5 1 1 1 0 0 1 0 0 0
1 6 0 3 1 5 0 0 1 0 0 1 3 0 1
1 6 1 3 4 5 1 1 0 0 0 0 3 0 0
1 3 1 3 2 5 0 0 0 0 0 0 4 0 0
1 3 0 3 1 5 0 1 1 1 1 1 0 0 1
1 4 0 4 2 5 0 1 1 0 1 1 1 0 1
1 6 0 3 4 5 0 0 1 0 1 1 3 0 1
1 3 0 3 2 5 0 1 0 0 1 1 4 0 0
1 6 1 4 1 5 0 1 0 1 1 1 3 0 1
1 4 1 4 4 5 1 0 0 1 1 0 3 0 0
0 0 0 0 2 1 0 1 1 1 0 1 1 0 0
0 0 1 0 4 0 1 1 1 0 0 1 1 0 1
0 1 1 0 2 1 0 0 0 1 0 0 2 1 1
0 7 0 0 1 1 0 1 0 0 0 0 3 1 0
0 1 1 0 1 0 0 0 1 1 0 0 3 2 0
0 0 1 1 4 0 0 1 0 1 1 0 0 0 1
0 7 1 1 0 0 1 1 1 1 1 0 3 0 1
0 0 0 0 2 1 0 1 0 1 1 0 1 1 1
0 1 1 0 1 0 1 1 1 1 1 0 2 1 0
0 7 1 0 4 0 1 1 0 1 1 1 2 1 1
0 7 1 0 4 0 0 0 0 0 1 1 0 2 0
0 0 1 1 4 0 0 0 1 0 1 1 1 2 0
0 7 1 0 2 0 1 1 1 1 1 1 2 2 0
0 7 0 0 3 1 0 1 0 1 1 1 3 2 0
1 4 1 4 1 5 1 0 1 1 0 0 2 0 0
1 4 0 4 2 5 1 0 1 1 0 0 4 0 0
1 3 1 4 4 5 1 0 1 0 0 0 4 0 0
1 4 0 3 1 5 0 1 1 0 1 1 2 0 0
1 5 0 3 2 5 0 1 0 0 1 0 2 0 1
1 4 1 3 2 5 1 1 0 1 1 1 4 0 1
1 3 1 3 4 5 0 1 0 1 1 1 4 0 1
0 2 0 2 2 4 1 1 1 0 0 1 4 2 1
0 2 0 2 3 3 0 1 1 1 0 0 0 1 1
0 2 1 0 3 3 0 0 1 0 1 0 2 0 0
0 1 1 1 4 1 0 1 0 0 0 0 2 2 1
0 2 0 2 1 4 0 1 0 0 0 0 4 2 0
0 2 0 1 3 3 0 0 1 0 1 1 1 0 0
0 2 0 2 2 4 1 1 0 0 0 1 3 0 1
0 1 0 1 1 0 1 1 1 1 1 1 0 1 0
0 1 1 1 0 1 0 1 0 1 0 1 3 1 1
0 1 1 0 0 1 0 1 0 1 0 1 4 1 0
0 2 0 0 2 4 0 0 1 0 0 1 4 1 1
0 2 1 0 1 2 0 1 0 1 0 0 1 1 1
0 2 1 1 1 2 0 0 1 0 1 0 4 2 0
0 2 0 0 3 4 1 0 0 0 0 1 2 0 0
0 2 0 2 3 4 0 1 1 1 0 1 4 0 0
0 2 1 1 3 3 0 0 1 1 1 0 0 1 0
0 1 1 1 4 1 0 1 0 0 0 0 1 1 0
0 2 1 1 1 2 1 0 1 0 1 1 0 2 1
0 2 1 2 1 3 0 0 0 0 0 1 0 0 1
0 2 0 0 3 2 1 1 1 1 1 1 0 0 1
0 2 0 1 2 3 0 1 0 1 0 1 1 0 0
0 2 1 0 2 3 1 1 0 0 0 1 3 2 1
1 5 0 3 3 5 1 0 1 1 0 0 0 0 0
1 6 1 3 3 5 1 1 0 0 0 0 0 0 0
1 5 0 3 3 5 0 1 1 1 1 0 1 0 0
1 5 0 3 0 5 1 0 1 0 0 1 0 0 1
1 5 0 4 3 5 0 1 0 1 0 1 1 0 1
1 4 0 4 0 5 0 0 0 0 0 1 2 0 0
1 5 0 4 3 5 0 1 0 0 1 1 0 0 0
1 4 0 3 2 5 0 0 1 0 1 0 3 0 1
1 4 1 4 1 5 1 1 0 1 1 0 0 0 1
1 5 0 3 4 5 1 0 1 1 1 0 1 0 1
0 0 1 1 0 0 0 0 1 1 1 0 3 1 1
1 4 1 3 2 5 0 1 0 1 0 1 3 0 0
1 5 0 3 2 5 1 1 0 1 0 0 1 0 0
1 5 0 3 1 5 1 1 1 0 0 0 2 0 1
1 3 1 3 4 5 1 0 1 1 1 0 2 0 0
0 7 1 0 4 0 0 1 1 1 0 0 4 1 1
1 5 0 3 1 5 0 0 0 0 0 1 2 0 1
1 5 0 4 2 5 0 0 1 1 0 1 1 0 1
1 4 1 3 4 5 1 0 1 0 1 1 2 0 1
1 6 0 3 4 5 0 0 1 1 0 0 1 0 1
1 5 0 3 1 5 1 0 0 0 0 0 3 0 0
1 5 0 3 1 5 0 1 1 1 1 1 3 0 0
1 3 1 4 4 5 1 1 0 0 1 1 3 0 1
1 5 0 3 4 5 0 0 0 0 0 0 3 0 0
1 5 0 3 4 5 1 0 1 0 1 1 3 0 1
1 3 0 4 1 5 1 1 1 0 0 1 2 0 1
0 7 0 1 3 1 1 1 0 0 0 0 2 0 0
0 0 0 0 1 0 0 0 0 1 1 0 2 1 1
0 7 0 1 2 0 0 1 1 0 1 0 1 2 1
0 7 0 1 3 1 0 1 0 0 1 0 4 2 0
0 0 0 1 2 1 1 0 0 1 0 1 3 0 1
0 0 1 1 0 0 1 1 0 1 0 1 1 1 1
0 0 0 0 2 1 0 1 0 1 0 1 4 1 1
0 7 0 0 3 1 0 1 1 0 1 1 1 2 1
0 7 1 1 4 0 0 1 0 0 0 1 1 2 1
1 4 0 3 1 5 1 1 1 0 0 0 1 0 0
1 4 1 4 1 5 1 0 1 1 1 1 1 0 0
1 6 0 3 2 5 0 0 0 0 1 1 2 0 0
0 7 1 1 4 0 0 0 1 0 0 1 3 1 1
0 0 1 0 0 0 0 0 1 1 1 1 0 2 0
0 2 0 2 3 2 0 0 1 1 1 0 2 1 1
0 2 0 2 3 4 0 0 1 0 1 0 4 2 1
0 1 1 0 0 1 0 1 0 0 0 1 2 0 1
0 2 0 0 2 4 1 1 1 1 1 1 3 1 0
0 2 1 1 2 2 0 0 0 1 1 0 0 2 0
0 1 1 1 4 1 0 0 1 1 1 1 0 0 1
0 2 1 2 1 3 0 1 1 1 0 0 1 0 1
0 2 0 2 2 4 1 0 0 0 0 1 1 0 1
0 2 0 0 1 4 0 0 1 0 0 1 3 1 1
0 2 1 0 3 2 1 0 0 0 0 1 4 1 0
0 2 1 0 1 3 1 0 1 0 0 0 0 1 1
0 2 0 1 3 4 1 1 0 0 0 1 1 1 1
0 2 0 2 2 3 0 0 0 0 0 1 1 1 1
0 2 1 0 2 3 0 1 1 1 1 1 4 1 1
0 2 0 0 3 4 0 0 1 0 0 0 3 0 1
1 4 0 3 0 5 0 0 0 1 1 0 0 0 1
1 5 0 3 2 5 0 1 0 0 0 0 0 0 0
1 6 0 3 3 5 0 1 0 0 1 1 0 0 0
1 4 0 3 0 5 1 1 0 1 1 0 1 0 0
1 4 0 3 0 5 1 0 1 1 0 0 1 0 1
1 6 0 4 4 5 0 0 0 1 1 1 2 0 1
1 3 0 4 0 5 0 0 0 1 1 1 4 0 1
1 5 0 3 0 5 0 0 0 1 0 1 1 0 1
1 4 0 3 1 5 1 0 1 1 1 1 3 0 0
1 4 0 3 1 5 0 1 0 0 0 1 3 0 1
1 5 0 3 0 5 1 1 1 1 0 0 2 0 1
1 4 1 4 2 5 0 0 1 0 1 1 0 0 0
1 4 1 4 3 5 0 0 1 0 0 0 0 0 1
1 6 1 4 2 5 0 0 1 0 0 0 1 0 1
1 6 1 4 2 5 1 1 0 1 0 1 2 0 1
1 3 0 4 2 5 0 1 0 1 1 1 2 0 0
1 5 0 4 2 5 0 0 0 0 1 0 3 0 0
1 5 0 3 4 5 1 0 0 0 0 0 2 0 0
1 5 0 3 3 5 0 1 1 1 1 1 2 0 1
1 5 0 3 4 5 0 1 0 0 0 1 2 0 1
1 3 0 4 2 5 1 0 0 1 1 0 2 0 1
1 5 0 3 2 5 1 1 0 1 0 0 3 0 1
0 1 0 1 3 0 0 0 1 1 1 0 1 1 0
1 3 1 4 0 5 0 0 0 0 1 1 0 0 1
0 7 1 1 3 0 0 1 0 0 1 0 0 1 1
0 7 1 0 4 0 0 1 0 0 1 1 0 1 0
0 0 0 0 1 0 0 1 1 1 1 1 0 2 0
0 0 1 0 4 0 0 1 0 0 0 1 2 2 0
0 0 1 1 0 0 0 1 0 0 0 0 3 2 0
0 0 0 0 2 1 0 0 1 1 0 1 3 2 0
0 7 1 0 4 0 0 0 1 1 0 0 0 0 1
0 0 1 1 0 0 0 0 1 1 1 1 2 0 1
0 1 1 1 3 1 1 1 0 0 1 0 2 0 1
0 7 1 0 1 0 1 0 1 0 0 1 2 1 1
0 0 0 0 3 1 0 0 0 1 1 1 4 1 1
0 7 0 1 1 1 0 1 0 0 1 1 0 2 1
1 5 0 4 0 5 1 0 0 0 0 1 3 0 0
1 6 0 4 3 5 0 0 1 1 0 1 2 0 1
1 5 0 3 0 5 1 0 0 0 0 0 3 0 1
1 5 0 4 0 5 1 1 0 0 0 0 4 0 1
0 0 0 1 1 1 0 1 1 1 1 1 0 1 1

