MFT generation 18 -> 24, 16 ms

System Name: SystemMgmt.model
Parameters: 10, Constraints: 18, Tests: 353, Covered: 19406
140ms, validity verified: true

Test Set:
0 0 1 1 0 1 1 1 1 1
1 0 0 2 1 2 2 0 0 0
0 1 0 0 0 0 0 0 0 0
1 1 1 1 0 1 2 1 1 1
0 2 1 2 1 2 0 1 1 1
1 2 0 0 0 0 1 1 1 1
0 3 0 1 0 2 2 0 0 0
1 3 1 2 1 0 0 0 0 0
2 4 0 0 0 1 2 0 0 0
2 4 1 1 0 0 0 1 1 1
2 4 0 2 1 2 1 0 0 0
0 0 1 0 0 0 2 1 1 1
1 3 1 0 0 1 1 1 1 0
0 2 1 1 0 1 0 0 0 0
1 1 0 2 1 2 1 0 0 0
1 0 0 2 1 1 0 0 0 0
0 2 0 0 0 2 2 0 0 0
0 0 0 2 1 0 1 1 1 1
1 0 1 0 0 2 0 1 1 1
1 0 0 1 0 0 1 0 0 0
0 1 0 1 0 0 2 1 1 1
0 1 1 2 1 1 2 1 1 1
1 1 1 0 0 1 0 0 0 0
1 2 1 1 0 2 1 0 0 0
1 2 0 2 1 1 1 1 1 1
0 3 0 0 0 0 1 0 0 0
0 3 0 2 1 1 0 1 1 0
1 3 0 1 0 2 0 1 1 0
2 4 1 0 0 0 1 0 0 0
2 4 1 2 1 0 2 1 1 1
0 0 0 0 0 1 2 0 0 0
2 4 0 1 0 1 1 1 1 1
2 4 1 2 1 1 0 0 0 0
2 4 1 0 0 2 0 1 1 1
2 4 1 1 0 2 2 0 0 0
0 2 1 1 0 0 2 1 1 1
0 3 1 1 0 0 1 1 1 0
1 1 1 2 1 0 0 1 1 1
1 2 0 2 1 0 2 0 0 0
1 2 0 0 0 1 0 1 1 1
1 3 1 1 0 1 2 0 0 0
0 1 1 0 0 2 1 1 1 1
1 3 1 0 0 2 0 0 0 0
0 0 0 1 0 2 0 1 1 1
0 1 0 1 0 2 0 0 0 0
0 3 1 2 1 2 1 0 0 0
1 3 0 0 0 0 2 1 1 0
0 0 1 2 1 0 0 0 0 0
1 2 0 1 0 0 0 1 1 1
0 1 1 1 0 0 1 0 0 0
0 1 0 1 0 1 1 0 0 0
1 0 1 0 0 2 1 1 1 1
0 2 1 0 0 1 2 0 0 0
1 1 0 0 0 2 2 1 1 1
0 0 1 1 0 2 2 1 1 1
1 3 0 2 1 0 2 0 0 0
0 2 0 1 0 0 1 0 0 0
2 4 0 0 0 0 0 0 0 0
0 1 1 0 0 0 2 0 0 0
0 0 0 0 0 2 1 0 0 0
0 0 1 1 0 0 0 0 0 0
0 0 1 2 1 1 1 0 0 0
0 0 1 2 1 2 2 1 1 1
1 0 0 0 0 0 0 1 1 1
1 0 1 0 0 1 2 1 1 1
1 0 0 1 0 1 0 1 1 1
1 0 0 1 0 2 2 0 0 0
1 0 1 2 1 0 1 1 1 1
0 1 0 0 0 1 1 1 1 1
0 1 0 2 1 0 1 0 0 0
0 1 0 2 1 2 0 1 1 1
1 1 1 0 0 0 1 0 0 0
1 1 0 1 0 0 2 0 0 0
1 1 1 1 0 2 0 1 1 1
1 1 0 2 1 1 2 0 0 0
0 2 1 0 0 0 0 1 1 1
0 2 0 1 0 2 1 1 1 1
0 2 1 2 1 0 2 0 0 0
0 2 1 2 1 1 1 0 0 0
1 2 0 0 0 2 0 0 0 0
1 2 0 1 0 1 2 1 1 1
1 2 1 2 1 2 0 0 0 0
0 3 1 0 0 1 2 1 1 0
0 3 0 0 0 2 0 1 1 0
0 3 0 1 0 1 1 0 0 0
0 3 1 2 1 0 2 1 1 0
1 3 0 1 0 0 1 1 1 0
1 3 1 2 1 1 1 1 1 0
1 3 1 2 1 2 2 1 1 0
2 4 0 2 1 0 0 1 1 1
0 0 1 0 0 1 0 0 0 0
2 4 0 0 0 1 0 1 1 1
2 4 0 1 0 1 0 0 0 0
2 4 0 1 0 2 0 1 1 1
2 4 1 2 1 2 0 1 1 1
2 4 0 1 0 0 1 0 0 0
2 4 1 2 1 0 1 1 1 1
2 4 1 0 0 1 1 1 1 1
1 2 1 1 0 1 1 1 1 1
2 4 0 2 1 1 1 1 1 1
2 4 0 0 0 2 1 0 0 0
2 4 1 1 0 2 1 1 1 1
2 4 0 0 0 0 2 1 1 1
2 4 0 1 0 0 2 0 0 0
0 0 1 1 0 1 2 0 0 0
2 4 1 1 0 1 2 1 1 1
2 4 0 2 1 1 2 0 0 0
2 4 1 0 0 2 2 1 1 1
2 4 0 2 1 2 2 1 1 1
0 3 1 0 0 0 0 1 1 0
1 1 0 1 0 0 0 0 0 0
0 3 1 1 0 0 0 0 0 0
0 2 0 2 1 0 0 1 1 1
1 3 0 0 0 1 0 0 0 0
0 1 1 1 0 1 0 1 1 1
0 3 1 1 0 1 0 1 1 0
0 1 0 2 1 1 0 0 0 0
0 2 0 2 1 1 0 0 0 0
1 1 1 0 0 2 0 0 0 0
1 2 1 1 0 2 0 1 1 1
1 0 1 2 1 2 0 1 1 1
0 3 0 2 1 2 0 1 1 0
1 0 1 0 0 0 1 0 0 0
1 2 1 2 1 0 1 1 1 1
1 3 0 2 1 0 1 0 0 0
1 0 0 0 0 1 1 0 0 0
0 2 1 0 0 1 1 0 0 0
1 1 1 2 1 1 1 1 1 1
0 2 1 0 0 2 1 1 1 1
1 3 0 0 0 2 1 0 0 0
0 0 1 1 0 2 1 0 0 0
1 1 0 1 0 2 1 1 1 1
1 3 1 1 0 2 1 1 1 0
1 0 1 2 1 2 1 1 1 1
1 2 0 2 1 2 1 0 0 0
1 2 1 0 0 0 2 0 0 0
1 0 1 1 0 0 2 0 0 0
0 3 1 1 0 0 2 1 1 0
0 0 0 2 1 0 2 1 1 1
1 1 1 2 1 0 2 1 1 1
0 1 1 0 0 1 2 1 1 1
1 0 1 2 1 1 2 1 1 1
0 2 0 2 1 1 2 1 1 1
0 3 0 2 1 1 2 0 0 0
0 0 0 0 0 2 2 1 1 1
1 3 0 0 0 2 2 0 0 0
0 1 1 1 0 2 2 0 0 0
1 2 1 1 0 2 2 1 1 1
1 1 1 2 1 2 2 0 0 0
0 2 0 2 1 2 2 0 0 0
1 3 0 0 0 0 0 0 0 0
2 4 0 2 1 0 2 0 0 0
2 4 1 2 1 2 0 0 0 0
2 4 0 2 1 1 1 0 0 0
0 2 1 0 0 0 0 0 0 0
1 0 1 2 1 2 0 0 0 0
0 1 0 0 0 0 1 1 1 1
1 2 1 1 0 1 2 0 0 0
0 1 1 0 0 1 0 1 1 1
1 2 1 0 0 2 2 1 1 1
0 0 1 1 0 0 1 1 1 1
1 2 1 2 1 1 0 1 1 1
0 0 0 0 0 0 0 0 0 0
0 0 1 0 0 0 1 1 1 1
0 0 0 0 0 1 1 1 1 1
0 0 1 0 0 2 0 0 0 0
0 0 0 1 0 0 2 0 0 0
0 0 0 1 0 1 0 0 0 0
0 0 0 2 1 1 0 1 1 1
0 0 0 2 1 1 2 0 0 0
0 0 0 2 1 2 0 0 0 0
0 0 0 2 1 2 1 1 1 1
1 0 0 0 0 0 2 0 0 0
1 0 0 0 0 1 0 0 0 0
1 0 1 0 0 2 2 0 0 0
1 0 1 1 0 0 0 1 1 1
1 0 1 1 0 1 1 0 0 0
1 0 0 1 0 1 2 1 1 1
1 0 1 1 0 2 0 0 0 0
1 0 0 1 0 2 1 1 1 1
1 0 0 2 1 0 0 1 1 1
1 0 1 2 1 0 2 0 0 0
1 0 0 2 1 1 1 0 0 0
0 1 0 0 0 2 0 0 0 0
0 1 0 0 0 2 2 0 0 0
0 1 1 1 0 0 0 1 1 1
0 1 0 1 0 1 2 0 0 0
0 1 0 1 0 2 1 0 0 0
0 1 1 2 1 0 0 0 0 0
0 1 0 2 1 0 2 1 1 1
0 1 0 2 1 1 1 1 1 1
0 1 1 2 1 2 1 1 1 1
0 1 0 2 1 2 2 0 0 0
1 1 1 0 0 0 0 1 1 1
1 1 0 0 0 0 2 0 0 0
1 1 0 0 0 1 1 0 0 0
1 1 0 0 0 1 2 1 1 1
1 1 1 0 0 2 1 0 0 0
1 1 1 1 0 0 1 1 1 1
1 1 0 1 0 1 0 1 1 1
1 1 1 1 0 1 1 0 0 0
1 1 0 1 0 2 2 1 1 1
1 1 0 2 1 0 1 1 1 1
1 1 1 2 1 1 0 0 0 0
1 1 0 2 1 2 0 1 1 1
0 2 1 0 0 0 1 0 0 0
0 2 0 0 0 0 2 1 1 1
0 2 0 0 0 1 0 0 0 0
0 2 1 0 0 2 0 0 0 0
0 2 0 1 0 0 0 0 0 0
0 2 0 1 0 1 1 1 1 1
0 2 0 1 0 1 2 0 0 0
0 2 1 1 0 2 0 0 0 0
0 2 1 1 0 2 2 0 0 0
0 2 0 2 1 0 1 1 1 1
0 2 1 2 1 2 1 1 1 1
1 2 1 0 0 0 0 0 0 0
1 2 1 0 0 1 1 0 0 0
1 2 0 0 0 1 2 0 0 0
1 2 0 0 0 2 1 1 1 1
1 2 1 1 0 0 1 0 0 0
1 2 0 1 0 0 2 1 1 1
1 2 1 1 0 1 0 0 0 0
1 2 1 2 1 0 0 0 0 0
1 2 1 2 1 1 2 0 0 0
1 2 1 2 1 2 2 1 1 1
0 3 0 0 0 0 2 0 0 0
0 3 1 0 0 1 0 0 0 0
0 3 0 0 0 1 1 1 1 0
0 3 1 0 0 2 1 1 1 0
0 3 1 0 0 2 2 0 0 0
0 3 0 1 0 1 2 1 1 0
0 3 1 1 0 2 0 0 0 0
0 3 0 1 0 2 1 1 1 0
0 3 0 2 1 0 0 0 0 0
0 3 1 2 1 0 1 1 1 0
0 3 0 2 1 1 1 1 1 0
0 3 0 2 1 2 2 1 1 0
1 3 1 0 0 0 1 0 0 0
1 3 0 0 0 1 2 1 1 0
1 3 1 1 0 0 0 1 1 0
1 3 0 1 0 0 2 0 0 0
1 3 0 1 0 1 0 0 0 0
1 3 0 1 0 1 1 1 1 0
1 3 1 1 0 2 2 1 1 0
1 3 1 2 1 1 0 0 0 0
1 3 1 2 1 1 2 1 1 0
1 3 0 2 1 2 0 0 0 0
1 3 0 2 1 2 1 1 1 0
2 4 0 1 0 0 0 1 1 1
2 4 0 2 1 1 0 1 1 1
2 4 0 0 0 2 0 0 0 0
2 4 0 2 1 2 0 0 0 0
2 4 0 0 0 0 1 1 1 1
2 4 0 2 1 0 1 0 0 0
2 4 0 0 0 1 1 0 0 0
2 4 0 1 0 2 1 0 0 0
2 4 0 1 0 1 2 1 1 1
2 4 0 0 0 2 2 0 0 0
2 4 0 1 0 2 2 1 1 1
2 4 1 0 0 0 0 1 1 1
2 4 1 2 1 0 0 0 0 0
2 4 1 0 0 1 0 0 0 0
2 4 1 1 0 1 0 1 1 1
0 0 1 2 1 1 0 1 1 1
2 4 1 1 0 2 0 0 0 0
2 4 1 1 0 0 1 0 0 0
2 4 1 1 0 1 1 0 0 0
2 4 1 2 1 1 1 1 1 1
2 4 1 0 0 2 1 0 0 0
2 4 1 2 1 2 1 1 1 1
2 4 1 0 0 0 2 0 0 0
2 4 1 1 0 0 2 1 1 1
2 4 1 0 0 1 2 1 1 1
2 4 1 2 1 1 2 0 0 0
2 4 1 2 1 2 2 0 0 0
0 2 0 0 0 0 0 0 0 0
0 0 0 1 0 0 0 1 1 1
0 3 0 1 0 0 0 1 1 0
1 1 0 2 1 0 0 1 1 1
1 1 0 0 0 1 0 1 1 1
1 2 0 1 0 1 0 1 1 1
1 0 0 0 0 2 0 1 1 1
0 2 0 1 0 2 0 1 1 1
1 2 0 2 1 2 0 1 1 1
0 0 0 0 0 0 1 0 0 0
0 1 0 1 0 0 1 1 1 1
0 2 0 0 0 1 1 0 0 0
0 0 0 1 0 1 1 0 0 0
1 1 0 0 0 2 1 1 1 1
1 2 0 1 0 2 2 0 0 0
1 0 1 0 0 0 0 0 0 0
0 2 1 1 0 0 0 0 0 0
0 2 1 0 0 1 0 1 1 1
1 0 1 1 0 1 0 1 1 1
0 1 1 2 1 2 0 0 0 0
0 3 1 2 1 2 0 1 1 0
1 1 1 2 1 0 1 0 0 0
1 0 1 0 0 1 1 1 1 1
0 1 1 0 0 1 1 0 0 0
0 3 1 1 0 1 1 0 0 0
1 1 1 1 0 2 1 0 0 0
1 3 1 0 0 0 2 0 0 0
0 1 1 1 0 0 2 0 0 0
1 1 1 0 0 2 2 1 1 1
1 2 0 1 0 1 1 0 0 0
0 2 1 1 0 0 1 1 1 1
1 3 0 2 1 1 2 1 1 0
0 3 1 2 1 1 2 0 0 0
2 4 1 2 1 1 1 0 0 0
2 4 1 2 1 1 2 1 1 1
2 4 0 0 0 2 1 1 1 1
2 4 0 1 0 0 0 0 0 0
2 4 1 1 0 1 2 0 0 0
2 4 0 1 0 0 1 1 1 1
1 0 0 2 1 0 1 0 0 0
1 3 0 2 1 0 0 1 1 0
1 2 0 2 1 0 1 0 0 0
1 1 1 2 1 1 1 0 0 0
1 3 1 2 1 1 1 0 0 0
1 0 1 2 1 2 1 0 0 0
0 1 1 2 1 0 2 0 0 0
0 3 0 2 1 2 2 0 0 0
1 1 1 2 1 1 0 1 1 1
1 0 1 2 1 1 1 1 1 1
1 2 0 2 1 0 2 1 1 1
0 1 1 2 1 2 2 1 1 1
1 1 1 0 0 1 2 0 0 0
0 2 0 1 0 2 2 1 1 1
1 2 1 0 0 1 2 1 1 1
1 1 1 1 0 1 0 0 0 0
1 3 0 1 0 0 1 0 0 0
0 3 0 0 0 1 1 0 0 0
0 2 0 0 0 2 1 0 0 0
1 3 1 1 0 2 1 0 0 0
0 2 1 1 0 0 2 0 0 0
1 3 0 0 0 1 2 0 0 0
0 0 0 0 0 1 0 1 1 1
1 3 0 0 0 1 0 1 1 0
0 1 0 0 0 2 0 1 1 1
0 2 0 0 0 2 0 1 1 1
0 3 1 0 0 0 1 1 1 0
0 2 1 0 0 1 1 1 1 1
0 1 1 1 0 1 1 1 1 1
1 1 1 0 0 0 2 1 1 1
1 0 0 1 0 0 2 1 1 1
1 3 1 0 0 2 2 1 1 0
1 0 0 1 0 1 2 0 0 0
0 0 1 0 0 2 2 0 0 0
0 0 0 1 0 1 2 1 1 1
1 0 0 1 0 2 2 1 1 1
0 1 1 1 0 2 1 1 1 1
0 1 1 2 1 0 2 1 1 1

