MFT generation 21 -> 15, 0 ms

System Name: Telecom.model
Parameters: 10, Constraints: 21, Tests: 1170, Covered: 54502
203ms, validity verified: true

Test Set:
0 3 1 1 1 1 0 1 2 0
3 1 1 1 1 1 0 1 1 2
4 0 1 0 1 0 0 1 0 0
4 0 0 1 0 1 0 1 1 2
4 0 1 1 0 0 0 0 3 0
4 2 1 1 0 0 0 0 2 2
0 3 0 0 1 1 1 0 3 1
1 0 0 1 0 0 1 0 0 1
1 0 1 1 1 0 1 0 2 2
1 1 1 0 1 0 1 0 0 2
1 1 1 1 1 1 1 1 1 1
1 1 1 1 1 0 1 1 3 2
1 2 0 0 0 1 1 0 1 2
1 2 1 1 0 1 1 0 2 0
1 2 1 0 1 0 1 0 3 0
2 0 0 0 1 0 1 1 2 1
2 0 1 1 1 1 1 0 3 2
2 2 1 1 0 0 1 0 0 2
2 2 0 1 1 0 1 0 1 0
2 2 0 1 1 1 1 1 2 2
3 1 1 1 1 1 1 1 0 0
4 0 1 1 1 1 1 1 0 2
4 0 0 1 0 1 1 0 1 0
4 2 1 1 1 1 1 1 1 1
4 2 0 0 0 1 1 0 2 1
4 2 0 1 1 1 1 1 3 2
0 3 1 0 1 1 2 1 0 0
1 0 0 1 0 1 2 1 0 0
1 0 1 1 0 1 2 1 1 1
1 0 0 0 1 1 2 0 2 2
1 0 0 1 0 0 2 0 3 0
1 1 0 1 1 1 2 1 1 0
1 1 1 1 0 0 2 1 2 0
1 2 1 0 0 0 2 0 0 1
1 2 0 1 0 0 2 0 2 2
1 2 0 0 0 1 2 1 3 0
2 0 1 0 1 0 2 0 2 1
2 2 0 1 0 0 2 0 0 0
2 2 0 1 1 1 2 0 1 2
2 2 1 0 0 0 2 0 3 1
3 1 0 0 1 1 2 0 2 0
4 0 1 1 0 1 2 1 0 2
4 0 0 0 1 1 2 1 1 1
4 0 1 1 0 0 2 1 3 1
4 2 1 1 0 1 2 0 1 0
4 2 1 0 1 0 2 0 2 0
0 3 1 0 1 1 3 0 1 2
1 0 1 0 1 0 3 0 0 1
1 0 1 0 0 0 3 0 2 2
1 0 0 1 1 0 3 1 3 2
1 1 1 0 1 0 3 0 1 1
1 1 0 1 1 0 3 0 2 0
1 1 1 0 0 0 3 1 3 0
1 2 0 0 1 1 3 1 0 0
1 2 1 0 0 1 3 0 1 2
1 2 0 1 1 1 3 1 2 1
2 0 0 1 0 1 3 1 0 1
2 0 1 1 0 0 3 0 2 1
2 2 1 0 0 0 3 0 0 2
2 2 0 0 1 1 3 0 3 2
3 1 0 1 1 1 3 0 3 2
4 0 1 0 0 1 3 1 0 2
4 0 1 1 0 0 3 0 1 1
4 2 1 1 1 0 3 0 0 1
4 2 0 1 1 0 3 0 2 2
4 2 0 1 0 0 3 1 3 0
0 3 1 0 0 1 4 1 1 1
1 0 0 0 0 1 4 1 0 2
1 0 0 1 1 1 4 0 1 0
1 0 1 1 0 0 4 0 2 0
1 1 0 1 1 0 4 0 0 1
1 1 0 1 0 1 4 1 2 0
1 1 1 0 1 0 4 0 3 0
1 2 0 0 0 0 4 0 1 1
1 2 1 1 1 0 4 1 2 2
1 2 0 1 0 1 4 0 3 2
2 0 0 0 0 1 4 1 0 1
2 0 0 0 1 1 4 0 3 0
2 2 0 0 0 0 4 1 1 2
2 2 1 0 1 1 4 0 2 1
2 2 1 1 1 0 4 1 3 1
3 1 1 1 0 0 4 0 0 0
4 0 0 0 0 1 4 1 1 2
4 0 0 1 1 1 4 1 2 1
4 2 1 0 0 0 4 0 2 0
4 2 0 1 0 1 4 0 3 0
0 3 1 1 1 1 5 0 3 0
1 0 1 0 0 1 5 1 0 2
1 0 0 1 0 0 5 1 1 0
1 0 0 1 0 0 5 0 2 1
1 0 1 0 1 1 5 1 3 0
1 1 1 0 1 0 5 0 1 2
1 1 0 0 0 0 5 1 3 1
1 2 1 0 0 1 5 0 1 1
1 2 1 1 1 0 5 1 2 0
2 0 0 1 0 0 5 0 0 2
2 0 0 0 1 0 5 1 1 1
2 2 1 1 0 1 5 0 1 2
2 2 1 0 0 1 5 1 2 2
2 2 1 1 0 1 5 0 3 0
3 1 0 0 1 0 5 0 0 0
4 0 1 0 0 0 5 0 2 2
4 0 1 1 0 1 5 0 3 2
4 2 1 1 1 1 5 1 0 0
4 2 0 0 1 0 5 0 1 1
4 2 0 1 1 1 5 1 2 1
4 2 0 1 1 0 0 0 3 1
1 0 1 1 0 1 1 0 1 2
2 0 1 1 1 0 3 0 0 0
2 0 0 0 1 0 5 1 0 0
3 1 1 0 1 0 2 1 0 0
3 1 1 0 1 1 3 1 0 0
0 3 1 0 0 0 0 1 0 0
0 3 1 1 1 1 1 1 0 0
0 3 1 1 1 1 4 1 0 0
0 3 0 0 0 1 5 1 0 0
2 0 1 0 1 1 2 0 1 0
3 1 0 0 0 0 1 1 1 0
3 1 1 1 0 0 5 1 1 0
2 2 0 0 1 1 3 0 1 0
2 2 0 0 1 0 5 0 1 0
0 3 1 0 1 1 1 0 1 0
0 3 0 1 0 1 2 1 1 0
0 3 1 1 0 1 3 1 1 0
0 3 0 1 1 0 4 0 1 0
0 3 1 1 0 0 5 0 1 0
2 0 1 1 0 0 1 0 2 0
3 1 1 1 0 0 5 1 2 0
0 3 1 1 1 0 2 0 2 0
0 3 1 0 1 0 3 1 2 0
0 3 0 1 1 1 5 0 2 0
2 0 0 0 0 0 1 1 3 0
3 1 0 1 0 0 2 1 3 0
3 1 0 0 0 1 5 0 3 0
0 3 0 0 1 0 0 0 3 0
0 3 1 1 0 0 1 0 3 0
0 3 1 0 0 1 2 0 3 0
0 3 0 0 1 1 3 1 3 0
3 1 0 0 1 0 1 0 0 1
3 1 1 1 1 1 2 1 0 1
1 1 0 0 0 1 5 1 0 1
0 3 1 1 0 1 1 1 0 1
0 3 0 0 0 0 2 0 0 1
0 3 0 0 1 1 3 1 0 1
0 3 0 1 1 1 4 1 0 1
3 1 0 1 1 1 0 1 1 1
3 1 1 1 1 0 4 0 1 1
3 1 0 1 0 0 5 1 1 1
2 2 1 1 1 1 2 1 1 1
0 3 1 1 1 1 0 1 1 1
0 3 0 1 0 0 1 0 1 1
0 3 0 1 0 0 3 0 1 1
0 3 1 0 1 1 5 0 1 1
1 1 0 0 1 0 2 1 2 1
1 1 0 0 0 0 4 0 2 1
0 3 1 0 0 1 0 1 2 1
0 3 1 1 1 1 1 1 2 1
0 3 1 1 0 1 3 0 2 1
0 3 1 1 0 0 4 0 2 1
0 3 1 0 0 0 5 1 2 1
1 1 0 0 1 1 1 0 3 1
3 1 1 1 1 0 3 1 3 1
4 2 1 1 1 0 5 1 3 1
0 3 1 1 0 0 0 0 3 1
0 3 1 0 1 1 2 1 3 1
0 3 1 1 1 1 4 0 3 1
0 3 0 0 0 0 5 1 3 1
3 1 0 0 1 0 4 0 0 2
3 1 1 1 0 0 5 1 0 2
2 2 1 0 1 1 2 1 0 2
2 2 1 1 1 1 4 1 0 2
0 3 0 0 1 0 0 1 0 2
0 3 1 0 1 1 2 1 0 2
0 3 1 1 1 0 3 0 0 2
0 3 1 1 1 0 5 0 0 2
1 1 1 0 0 0 2 0 1 2
3 1 0 0 0 0 3 1 1 2
0 3 1 0 1 0 0 0 1 2
0 3 1 0 1 1 2 0 1 2
0 3 1 0 1 1 4 0 1 2
3 1 1 0 0 0 1 0 2 2
3 1 1 1 0 0 2 0 2 2
3 1 1 1 1 0 3 0 2 2
0 3 0 1 1 1 0 1 2 2
0 3 0 1 1 0 1 0 2 2
0 3 0 0 1 1 2 1 2 2
0 3 1 1 0 1 4 1 2 2
1 0 1 0 1 0 2 1 3 2
3 1 0 0 0 1 0 1 3 2
3 1 1 0 1 1 2 0 3 2
3 1 0 1 0 1 4 0 3 2
3 1 1 0 1 0 5 1 3 2
0 3 0 0 1 0 1 0 3 2
0 3 1 1 0 0 3 1 3 2
0 3 1 1 0 0 4 1 3 2
0 3 0 0 0 0 5 1 3 2
1 1 0 1 0 0 1 0 0 0
2 2 1 1 1 0 0 1 0 0
4 0 1 0 1 0 2 0 0 0
4 2 0 0 1 1 3 1 0 0
2 2 1 1 0 1 4 0 1 0
3 1 1 0 1 1 0 1 1 0
3 1 0 1 1 0 2 1 1 0
4 0 1 0 1 0 0 0 1 0
4 2 1 0 1 0 3 0 1 0
4 0 0 0 0 1 5 0 1 0
2 0 0 1 1 0 2 1 2 0
2 2 0 1 0 0 4 1 2 0
3 1 0 0 0 1 0 1 2 0
3 1 1 1 1 0 1 0 2 0
3 1 0 1 0 0 3 1 2 0
3 1 0 1 0 1 4 0 2 0
4 0 0 0 0 0 0 1 2 0
4 2 1 1 0 0 1 1 2 0
4 2 1 0 1 1 5 0 2 0
3 1 1 0 0 1 3 0 3 0
3 1 0 0 1 0 4 0 3 0
4 2 1 0 1 1 1 1 3 0
4 2 0 1 1 1 2 0 3 0
2 2 0 0 0 0 1 1 0 1
3 1 1 1 1 0 0 1 0 1
3 1 0 0 0 1 4 1 0 1
3 1 0 0 1 1 5 1 0 1
4 2 1 1 1 0 0 1 0 1
4 2 1 0 0 0 1 0 0 1
3 1 1 1 0 1 1 1 1 1
3 1 1 0 1 1 3 0 1 1
4 2 1 0 1 0 4 0 1 1
1 1 0 1 1 1 1 1 2 1
2 2 1 0 1 0 0 0 2 1
2 2 0 1 0 0 5 0 2 1
3 1 0 1 0 0 2 1 2 1
3 1 0 1 1 0 4 0 2 1
3 1 0 0 1 1 5 0 2 1
4 2 1 1 1 1 2 0 2 1
4 0 0 0 0 0 3 1 2 1
2 2 1 1 1 0 3 1 3 1
3 1 0 0 0 0 0 0 3 1
3 1 0 1 0 0 1 0 3 1
4 2 0 0 1 0 4 1 3 1
3 1 0 1 0 0 0 1 0 2
3 1 0 0 0 1 1 1 0 2
3 1 1 1 1 0 3 0 0 2
4 2 0 1 1 0 4 0 0 2
4 2 0 0 0 1 5 1 0 2
2 2 0 0 0 0 1 1 1 2
3 1 0 1 0 1 2 1 1 2
3 1 1 1 0 1 4 1 1 2
4 0 0 0 0 0 1 0 1 2
4 2 0 1 1 0 2 1 1 2
1 0 0 1 1 1 5 1 2 2
2 0 1 1 1 1 2 0 2 2
2 2 0 1 0 1 3 1 2 2
3 1 1 0 0 0 0 0 2 2
4 0 0 0 0 1 2 1 2 2
4 0 0 1 1 0 4 1 2 2
2 0 1 0 0 0 0 0 3 2
2 2 0 1 0 0 2 1 3 2
2 2 0 0 0 1 4 1 3 2
2 0 0 0 1 1 5 1 3 2
3 1 1 0 0 1 1 0 3 2
4 2 0 0 1 1 0 1 3 2
4 0 1 0 0 0 3 0 3 2
0 3 0 0 0 0 4 0 0 0
1 0 1 1 1 0 0 0 1 0
2 2 1 0 1 1 3 1 3 1
0 3 1 1 0 0 2 0 0 2
4 0 1 0 1 0 4 0 0 1
1 2 0 1 0 1 3 1 1 1
3 1 1 0 0 0 0 0 1 1
3 1 0 1 1 0 5 1 1 2
3 1 0 0 1 1 0 1 3 0
0 3 1 0 1 0 1 0 0 2
0 3 0 0 1 0 0 0 2 1
2 0 1 1 1 0 4 0 0 0
4 2 0 0 1 0 5 0 0 1
2 0 0 0 0 0 0 0 1 2
4 0 0 1 1 1 3 1 1 0
1 1 1 1 1 1 3 1 3 2
3 1 0 0 0 0 2 0 0 0
2 2 1 1 1 0 5 1 1 0
0 3 0 1 1 0 5 1 1 0
0 3 0 1 0 0 1 1 3 2
2 0 0 1 1 1 3 1 0 0
1 0 1 0 0 0 4 1 1 2
3 1 0 0 0 0 1 1 2 2
1 0 0 1 0 1 2 1 0 1
1 0 1 0 0 0 2 1 0 2
1 0 0 0 1 1 2 0 1 1
1 0 1 0 1 0 2 0 1 2
1 0 1 0 0 0 2 1 2 0
1 0 1 0 1 0 2 0 2 1
1 0 0 0 0 1 2 0 3 0
1 0 0 1 1 1 2 0 3 2
1 1 1 0 0 1 2 1 0 1
1 1 0 1 0 0 2 0 0 2
1 1 0 1 1 1 2 0 1 0
1 1 0 1 1 0 2 0 1 2
1 1 0 1 1 1 2 0 2 0
1 1 0 1 0 0 2 0 2 1
1 1 0 0 0 0 2 1 3 1
1 1 1 1 1 1 2 0 3 2
1 2 0 0 1 0 2 0 0 1
1 2 0 1 0 1 2 1 0 2
1 2 1 1 1 0 2 0 1 0
1 2 1 0 0 1 2 0 1 1
1 2 0 0 1 1 2 1 1 2
1 2 1 1 1 0 2 0 2 1
1 2 0 0 0 0 2 1 2 2
1 2 0 1 0 1 2 0 3 0
1 2 1 0 1 1 2 1 3 1
1 2 1 0 1 0 2 1 3 2
2 0 1 0 0 1 2 1 0 0
2 0 0 0 1 1 2 1 0 1
2 0 0 1 0 0 2 1 0 2
2 0 1 1 1 0 2 1 1 0
2 0 0 1 0 1 2 1 2 0
2 0 0 1 1 1 2 0 3 0
2 2 0 1 1 1 2 1 0 0
2 2 1 1 1 0 2 0 0 1
2 2 1 0 0 1 2 1 0 2
2 2 0 1 1 1 2 0 1 0
2 2 0 0 0 1 2 0 1 1
2 2 1 1 0 0 2 0 1 2
2 2 0 1 1 1 2 1 2 1
2 2 1 0 1 0 2 0 2 2
2 2 1 0 0 1 2 0 3 0
2 2 0 0 0 0 2 1 3 1
2 2 0 1 0 0 2 1 3 2
4 0 0 1 0 0 2 0 0 0
4 0 1 1 1 1 2 1 0 1
4 0 0 1 1 0 2 0 1 1
4 0 0 0 1 1 2 1 1 2
4 0 1 1 1 1 2 0 2 0
4 0 0 1 0 0 2 0 2 1
4 0 0 1 0 1 2 0 2 2
4 0 1 0 0 0 2 0 3 0
4 2 1 1 0 1 2 1 0 0
4 2 1 0 1 1 2 1 0 2
4 2 0 1 1 1 2 0 1 0
4 2 1 1 1 0 2 1 1 1
4 2 0 0 0 0 2 0 2 0
4 2 1 0 0 1 2 1 2 1
4 2 1 1 0 0 2 1 2 2
4 2 0 1 1 0 2 0 3 1
4 2 0 0 1 0 2 1 3 2
1 0 0 1 1 1 3 1 0 0
1 0 1 0 0 1 3 1 0 2
1 0 1 0 0 0 3 0 1 0
1 0 1 1 1 1 3 1 1 1
1 0 0 0 0 1 3 0 1 2
1 0 1 0 0 1 3 1 2 1
1 0 0 1 0 1 3 0 2 2
1 0 0 0 1 1 3 0 3 1
1 0 0 0 1 1 3 1 3 2
1 1 1 1 0 1 3 1 0 0
1 1 0 1 1 0 3 0 0 1
1 1 1 0 1 1 3 1 0 2
1 1 0 1 0 0 3 0 1 0
1 1 1 1 0 0 3 0 1 2
1 1 1 1 0 1 3 1 2 0
1 1 1 0 1 0 3 0 2 1
1 1 0 0 1 0 3 0 2 2
1 1 1 1 1 1 3 0 3 0
1 1 0 0 1 1 3 1 3 1
1 1 0 0 0 1 3 0 3 2
1 2 1 0 0 1 3 1 0 1
1 2 0 0 1 0 3 0 0 2
1 2 0 1 0 0 3 0 1 1
1 2 1 0 0 1 3 1 1 2
1 2 0 0 1 0 3 1 2 0
1 2 0 1 1 1 3 1 2 1
1 2 1 1 0 1 3 0 2 2
1 2 0 1 0 0 3 0 3 0
1 2 1 1 1 0 3 1 3 1
1 2 1 0 1 0 3 1 3 2
2 0 1 0 1 1 3 1 0 0
2 0 0 1 0 0 3 1 0 1
2 0 0 1 0 1 3 1 0 2
2 0 0 1 0 1 3 0 1 0
2 0 0 0 0 0 3 1 2 0
2 0 1 1 1 1 3 0 3 2
2 2 0 0 1 0 3 0 0 0
2 2 1 0 1 1 3 1 0 2
2 2 1 0 0 1 3 1 1 0
2 2 0 1 1 0 3 0 1 1
2 2 0 0 0 1 3 0 1 2
2 2 1 1 1 1 3 1 2 1
2 2 1 1 1 1 3 0 2 2
2 2 1 0 0 0 3 0 3 0
2 2 0 1 1 0 3 1 3 2
4 0 0 1 1 1 3 1 0 1
4 0 0 1 0 0 3 0 1 1
4 0 1 0 1 1 3 0 1 2
4 0 1 1 0 1 3 1 2 2
4 0 1 0 1 1 3 1 3 0
4 0 0 0 0 0 3 0 3 1
4 0 1 1 0 0 3 1 3 2
4 2 1 0 0 1 3 1 0 0
4 2 1 0 1 0 3 1 0 2
4 2 0 1 0 1 3 0 1 0
4 2 1 0 0 1 3 1 1 1
4 2 1 0 0 1 3 0 2 0
4 2 0 0 1 0 3 0 2 1
4 2 0 1 1 0 3 0 2 2
4 2 0 1 1 1 3 0 3 0
4 2 1 0 1 1 3 0 3 1
1 0 0 1 1 1 4 1 0 1
1 0 0 0 0 1 4 1 0 2
1 0 1 0 0 0 4 1 1 0
1 0 1 0 0 1 4 0 1 2
1 0 1 1 1 0 4 0 2 1
1 0 0 1 0 0 4 0 3 0
1 0 0 0 1 1 4 1 3 1
1 0 1 0 1 1 4 1 3 2
0 3 0 1 0 0 0 1 0 1
0 3 0 0 0 1 0 1 1 0
0 3 1 0 0 1 0 1 3 2
1 0 0 0 0 0 0 1 0 0
1 0 1 1 0 0 0 1 0 1
1 0 0 1 1 0 0 1 0 2
1 0 0 0 1 1 0 1 1 1
1 0 1 0 0 1 0 1 1 2
1 0 1 0 1 1 0 1 2 0
1 0 0 1 0 1 0 1 2 1
1 0 1 1 1 0 0 0 2 2
1 0 0 1 1 1 0 1 3 0
1 0 1 0 1 0 0 0 3 1
1 0 0 0 0 0 0 0 3 2
1 1 1 0 1 0 0 1 0 0
1 1 0 0 0 0 0 1 0 1
1 1 1 1 0 0 0 1 0 2
1 1 0 0 0 1 0 1 1 0
1 1 1 1 0 1 0 1 1 1
1 1 0 1 1 0 0 0 1 2
1 1 1 1 0 0 0 0 2 0
1 1 0 0 1 1 0 1 2 1
1 1 0 1 0 1 0 1 2 2
1 1 1 0 0 1 0 1 3 0
1 1 1 1 0 1 0 1 3 1
1 1 1 1 1 0 0 0 3 2
1 2 0 1 0 0 0 1 0 0
1 2 0 0 1 0 0 1 0 1
1 2 1 0 0 0 0 1 0 2
1 2 0 0 1 1 0 1 1 0
1 2 1 1 0 1 0 1 1 1
1 2 0 1 1 0 0 0 1 2
1 2 1 0 0 1 0 1 2 0
1 2 0 1 1 1 0 1 2 1
1 2 0 0 0 1 0 1 2 2
1 2 1 0 0 0 0 0 3 0
1 2 0 1 0 1 0 1 3 1
1 2 1 1 0 1 0 1 3 2
2 0 0 1 0 0 0 1 0 0
2 0 1 0 0 0 0 1 0 1
2 0 1 1 1 0 0 1 0 2
2 0 1 0 0 1 0 1 1 0
2 0 1 1 0 1 0 1 1 1
2 0 0 1 1 1 0 1 2 0
2 0 0 0 0 1 0 1 2 1
2 0 0 0 1 1 0 1 2 2
2 0 1 1 1 0 0 1 3 0
2 0 0 1 1 1 0 1 3 1
2 2 0 1 0 0 0 1 0 1
2 2 0 0 1 0 0 1 0 2
2 2 0 1 0 0 0 0 1 0
2 2 0 0 1 1 0 1 1 1
2 2 1 0 1 1 0 1 1 2
2 2 1 0 0 1 0 1 2 0
2 2 1 1 0 0 0 1 2 2
2 2 0 0 1 1 0 1 3 0
2 2 1 0 0 1 0 1 3 1
2 2 1 1 1 1 0 1 3 2
3 1 0 1 1 0 0 1 0 0
3 1 1 1 0 1 0 1 2 1
4 0 0 0 0 0 0 1 0 1
4 0 1 0 0 0 0 1 0 2
4 0 1 0 0 1 0 1 1 1
4 0 1 1 1 1 0 1 2 1
4 0 0 0 1 1 0 1 2 2
4 0 0 0 0 1 0 1 3 1
4 0 1 1 1 1 0 1 3 2
4 2 0 1 0 0 0 1 0 0
4 2 0 1 1 0 0 1 0 2
4 2 1 0 0 1 0 1 1 0
4 2 0 0 1 0 0 0 1 1
4 2 1 1 0 0 0 1 1 2
4 2 0 1 1 1 0 1 2 0
4 2 0 0 0 0 0 0 2 1
4 2 1 0 0 1 0 1 3 0
0 3 0 0 0 1 1 1 1 2
0 3 0 0 0 1 1 0 2 0
1 0 1 0 0 1 1 1 0 0
1 0 0 0 1 1 1 1 0 2
1 0 0 0 1 0 1 1 1 0
1 0 1 0 0 0 1 1 1 1
1 0 0 0 0 1 1 1 2 0
1 0 1 0 1 1 1 0 2 1
1 0 1 1 0 1 1 1 3 0
1 0 1 1 1 0 1 1 3 1
1 0 0 1 0 0 1 0 3 2
1 1 1 0 0 1 1 1 0 1
1 1 1 0 0 1 1 0 1 0
1 1 0 1 1 0 1 0 1 2
1 1 1 0 1 1 1 1 2 0
1 1 1 0 0 1 1 1 2 2
1 1 0 1 1 1 1 1 3 0
1 2 1 1 1 0 1 1 0 0
1 2 0 1 1 1 1 1 0 1
1 2 1 0 1 1 1 1 0 2
1 2 1 1 0 0 1 1 1 0
1 2 0 0 1 0 1 0 1 1
1 2 1 0 0 0 1 1 2 1
1 2 0 0 1 0 1 0 2 2
1 2 0 0 0 1 1 1 3 1
1 2 1 1 0 0 1 0 3 2
2 0 0 1 1 1 1 1 0 0
2 0 1 0 1 1 1 1 0 1
2 0 0 0 0 1 1 1 0 2
2 0 1 0 1 1 1 0 1 0
2 0 0 1 0 1 1 0 1 1
2 0 1 0 1 0 1 1 1 2
2 0 0 0 0 1 1 0 2 2
2 0 1 0 0 1 1 0 3 1
2 2 1 0 0 1 1 1 0 0
2 2 1 1 1 0 1 0 1 1
2 2 0 0 1 0 1 0 2 0
2 2 1 1 0 1 1 1 2 1
2 2 0 1 0 1 1 0 3 0
2 2 1 1 1 0 1 1 3 1
2 2 0 0 1 0 1 0 3 2
3 1 1 0 1 1 1 0 1 2
3 1 1 0 1 1 1 1 2 1
3 1 1 1 1 0 1 1 3 0
4 0 0 0 1 0 1 0 0 0
4 0 0 1 0 0 1 1 0 1
4 0 1 0 1 0 1 1 1 1
4 0 0 1 1 0 1 0 2 0
4 0 1 1 0 1 1 0 2 1
4 0 0 0 1 1 1 1 2 2
4 0 0 1 0 0 1 0 3 0
4 0 0 0 1 0 1 0 3 1
4 0 1 0 0 0 1 1 3 2
4 2 0 1 0 1 1 1 0 0
4 2 0 0 0 0 1 0 0 2
4 2 1 0 0 0 1 0 1 0
4 2 1 1 1 0 1 0 1 2
4 2 1 0 1 0 1 0 2 2
4 2 1 1 0 1 1 0 3 1
0 3 0 0 1 0 2 1 1 1
0 3 0 1 0 1 2 0 2 1
0 3 0 1 1 1 2 0 3 2
1 0 0 0 0 0 2 1 1 0
1 0 0 1 0 1 2 0 3 1
1 1 1 1 1 1 2 1 0 0
1 1 0 0 1 1 2 0 1 1
1 1 1 0 1 1 2 1 2 2
1 1 1 0 1 0 2 1 3 0
1 2 1 0 1 0 2 0 0 0
1 2 1 1 0 1 2 1 2 0
2 0 0 1 0 0 2 1 1 1
2 0 0 1 0 0 2 0 1 2
2 0 1 1 0 0 2 0 3 1
2 0 1 0 0 1 2 1 3 2
2 2 1 0 0 0 2 1 2 0
3 1 1 0 0 1 2 1 0 2
3 1 1 0 0 0 2 0 1 1
3 1 1 1 0 1 2 0 3 1
4 0 1 0 0 0 2 1 1 0
4 0 0 1 0 1 2 0 3 2
4 2 0 0 0 1 2 1 0 1
0 3 0 1 0 0 3 0 0 0
0 3 0 1 1 1 3 1 2 2
0 3 0 1 1 0 3 0 3 1
1 0 1 1 1 1 3 0 2 0
1 0 0 1 0 1 3 0 3 0
1 2 1 1 1 1 3 1 1 0
2 0 1 0 1 0 3 1 1 1
2 0 1 1 1 0 3 1 1 2
2 0 1 0 1 0 3 1 2 2
2 0 0 0 0 0 3 1 3 0
2 0 0 1 0 1 3 0 3 1
2 2 0 0 0 1 3 1 0 1
2 2 1 1 1 0 3 0 2 0
3 1 0 0 0 0 3 0 0 1
3 1 1 1 1 1 3 1 1 0
3 1 0 0 0 1 3 1 2 1
4 0 1 1 0 0 3 0 0 0
4 0 0 1 1 1 3 1 2 0
4 2 0 0 0 1 3 1 1 2
4 2 1 1 0 1 3 0 3 2
0 3 0 1 0 1 4 1 0 2
0 3 0 0 1 1 4 1 2 0
0 3 0 1 0 1 4 1 3 0
1 0 1 0 0 1 4 1 0 0
1 0 1 1 0 1 4 1 1 1
1 0 0 0 0 1 4 0 2 2
1 1 0 0 1 1 4 1 0 0
1 1 1 1 1 1 4 1 0 2
1 1 1 0 1 1 4 1 1 0
1 1 0 1 0 0 4 1 1 1
1 1 0 0 1 0 4 0 1 2
1 1 1 0 1 1 4 0 2 2
1 1 1 1 0 1 4 1 3 1
1 1 1 0 0 0 4 1 3 2
1 2 0 1 1 1 4 1 0 0
1 2 1 0 0 0 4 1 0 1
1 2 0 0 1 1 4 1 0 2
1 2 1 0 1 1 4 1 1 0
1 2 1 1 1 0 4 0 1 2
1 2 0 0 1 0 4 0 2 0
1 2 0 1 0 1 4 0 2 1
1 2 1 0 0 0 4 1 3 0
1 2 0 1 1 1 4 0 3 1
2 0 0 1 0 0 4 0 0 2
2 0 0 0 1 0 4 1 1 0
2 0 1 0 0 0 4 0 1 1
2 0 1 1 1 1 4 1 1 2
2 0 0 0 1 0 4 1 2 0
2 0 0 1 0 1 4 0 2 1
2 0 1 0 0 0 4 1 2 2
2 0 1 1 0 0 4 0 3 1
2 0 0 1 1 0 4 0 3 2
2 2 0 0 0 0 4 0 0 0
2 2 0 1 1 0 4 1 0 1
2 2 0 1 1 1 4 1 1 1
2 2 0 1 1 1 4 0 2 2
2 2 1 1 1 1 4 1 3 0
3 1 0 0 0 1 4 0 1 0
3 1 1 0 0 0 4 1 2 2
3 1 1 0 1 1 4 1 3 1
4 0 0 0 0 1 4 1 0 0
4 0 1 1 0 1 4 1 0 2
4 0 1 1 1 0 4 1 1 0
4 0 0 1 0 0 4 0 1 1
4 0 1 1 1 1 4 0 2 0
4 0 1 0 0 0 4 1 3 0
4 0 0 1 1 1 4 0 3 1
4 0 1 0 1 1 4 0 3 2
4 2 1 1 0 1 4 1 0 0
4 2 0 1 0 1 4 1 0 1
4 2 0 0 1 1 4 0 1 0
4 2 1 0 0 0 4 0 1 2
4 2 0 0 0 1 4 1 2 1
4 2 1 0 1 1 4 1 2 2
4 2 1 1 1 0 4 0 3 2
0 3 0 1 1 1 5 1 0 1
0 3 0 1 0 1 5 0 1 2
0 3 1 0 1 1 5 0 2 2
1 0 0 1 1 1 5 1 0 0
1 0 1 1 1 0 5 0 0 1
1 0 1 1 1 1 5 1 1 1
1 0 0 0 0 0 5 0 1 2
1 0 0 0 0 1 5 0 2 0
1 0 1 0 0 0 5 0 3 1
1 0 0 1 1 0 5 0 3 2
1 1 1 0 0 0 5 0 0 0
1 1 0 1 1 1 5 1 0 2
1 1 0 0 1 1 5 1 1 0
1 1 1 1 0 1 5 0 1 1
1 1 0 1 1 0 5 0 2 0
1 1 1 0 1 0 5 1 2 1
1 1 1 1 0 1 5 0 2 2
1 1 1 1 1 1 5 0 3 0
1 1 0 0 0 1 5 0 3 2
1 2 0 0 0 0 5 1 0 0
1 2 1 1 0 0 5 0 0 1
1 2 1 0 1 0 5 0 0 2
1 2 0 1 0 1 5 1 1 0
1 2 0 1 1 1 5 1 1 2
1 2 0 0 1 0 5 1 2 1
1 2 0 0 0 0 5 0 2 2
1 2 0 0 1 0 5 0 3 0
1 2 1 1 0 1 5 1 3 1
1 2 1 0 0 0 5 1 3 2
2 0 1 0 0 1 5 1 0 1
2 0 1 1 0 0 5 0 1 0
2 0 1 0 1 1 5 0 1 2
2 0 1 1 1 1 5 1 2 0
2 0 1 1 1 0 5 0 2 1
2 0 0 0 1 0 5 1 2 2
2 0 0 1 0 0 5 1 3 0
2 0 0 1 1 1 5 0 3 1
2 2 1 1 0 1 5 1 0 0
2 2 0 0 1 1 5 1 0 1
2 2 0 1 1 0 5 0 0 2
2 2 1 1 0 0 5 1 1 1
2 2 0 0 0 1 5 0 2 0
2 2 0 0 0 0 5 0 3 1
2 2 1 1 1 0 5 1 3 2
3 1 0 0 0 1 5 1 2 2
3 1 1 1 1 1 5 0 3 1
4 0 1 0 0 0 5 1 0 0
4 0 0 1 0 0 5 0 0 1
4 0 0 1 1 0 5 1 0 2
4 0 1 0 0 1 5 1 1 1
4 0 1 1 1 1 5 0 1 2
4 0 0 1 0 0 5 1 2 0
4 0 1 0 1 0 5 1 2 1
4 0 0 0 1 0 5 0 3 0
4 0 0 0 0 1 5 1 3 1
4 2 1 1 0 0 5 1 1 0
4 2 1 0 1 0 5 1 1 2
4 2 0 1 1 0 5 0 2 2
4 2 0 1 0 1 5 0 3 0
4 2 0 0 1 1 5 1 3 2
3 1 0 0 1 0 3 1 0 0
0 3 0 1 1 0 0 1 0 0
0 3 0 0 0 0 1 1 0 0
0 3 0 1 1 0 2 1 0 0
4 0 0 1 1 1 0 1 1 0
0 3 0 1 1 1 1 1 1 0
0 3 0 0 0 0 3 1 1 0
3 1 0 1 0 1 1 0 2 0
0 3 0 0 0 0 0 0 2 0
0 3 0 0 0 0 2 1 2 0
0 3 0 0 0 1 3 0 2 0
3 1 0 0 1 0 3 0 3 0
0 3 0 0 0 1 1 1 3 0
0 3 0 1 0 0 2 1 3 0
0 3 0 0 1 0 5 0 3 0
3 1 0 1 0 1 2 1 0 1
0 3 0 0 1 0 1 1 0 1
3 1 0 0 1 1 1 0 1 1
3 1 0 1 0 1 3 0 1 1
0 3 0 1 0 0 0 0 1 1
0 3 0 0 0 0 4 0 1 1
0 3 0 1 0 1 5 1 1 1
0 3 0 0 0 0 1 1 2 1
0 3 0 0 1 0 3 0 2 1
0 3 0 1 1 0 4 1 2 1
0 3 0 1 0 0 5 0 2 1
3 1 0 1 1 0 4 1 3 1
4 2 0 1 0 1 3 1 3 1
0 3 0 0 1 1 0 1 3 1
0 3 0 0 0 0 2 0 3 1
0 3 0 0 1 0 4 1 3 1
3 1 0 1 0 1 3 1 0 2
0 3 0 1 0 1 1 1 0 2
0 3 0 0 0 1 2 1 0 2
0 3 0 0 0 0 3 0 0 2
0 3 0 0 1 0 5 1 0 2
0 3 0 1 1 0 0 1 1 2
0 3 0 1 1 0 2 0 1 2
0 3 0 1 1 0 3 1 1 2
0 3 0 1 1 0 4 1 1 2
3 1 0 0 1 0 2 1 2 2
3 1 0 1 1 1 4 1 2 2
0 3 0 0 0 0 4 0 2 2
0 3 0 0 0 0 5 1 2 2
3 1 0 1 1 0 1 1 3 2
3 1 0 0 0 0 2 0 3 2
0 3 0 1 0 1 0 1 3 2
0 3 0 0 0 1 3 0 3 2
0 3 0 0 1 1 4 0 3 2
0 3 1 0 0 1 3 1 0 0
0 3 1 0 1 0 5 0 0 0
3 1 1 1 0 1 2 0 1 0
0 3 1 1 0 0 0 0 1 0
0 3 1 1 1 0 2 1 1 0
0 3 1 0 0 0 4 1 1 0
3 1 1 0 1 1 4 1 2 0
0 3 1 1 0 0 1 1 2 0
0 3 1 1 1 0 4 0 2 0
0 3 1 1 0 1 5 1 2 0
0 3 1 1 1 1 0 1 3 0
0 3 1 0 1 0 3 0 3 0
0 3 1 0 1 0 4 0 3 0
3 1 1 1 0 1 3 1 0 1
3 1 1 0 1 1 4 1 0 1
3 1 1 1 1 0 5 0 0 1
0 3 1 0 1 0 0 1 0 1
0 3 1 1 1 1 2 1 0 1
0 3 1 0 0 0 3 1 0 1
0 3 1 0 0 0 4 0 0 1
0 3 1 1 0 0 5 0 0 1
0 3 1 0 0 0 1 1 1 1
0 3 1 1 0 0 2 0 1 1
0 3 1 0 1 1 3 1 1 1
3 1 1 0 1 1 2 0 2 1
3 1 1 1 0 1 4 0 2 1
4 2 1 1 0 1 5 0 2 1
0 3 1 0 1 0 2 0 2 1
1 0 1 0 0 1 3 1 3 1
3 1 1 0 1 0 1 1 3 1
0 3 1 1 1 1 1 1 3 1
0 3 1 0 0 1 3 1 3 1
0 3 1 1 0 1 5 1 3 1
0 3 1 1 0 0 0 1 0 2
0 3 1 0 1 0 4 1 0 2
0 3 1 1 0 0 1 1 1 2
0 3 1 0 0 0 5 1 1 2
0 3 1 0 0 0 0 0 2 2
0 3 1 0 1 1 1 0 2 2
0 3 1 1 0 1 2 1 2 2
0 3 1 0 0 0 3 1 2 2
0 3 1 0 1 1 1 1 3 2
0 3 1 1 0 0 2 1 3 2
0 3 1 1 1 0 5 1 3 2
3 1 0 1 0 0 1 0 0 0
3 1 0 1 1 1 4 1 0 0
4 0 0 0 0 1 5 1 0 0
3 1 0 1 0 0 0 0 1 0
3 1 0 0 1 0 3 0 1 0
3 1 0 0 1 1 5 0 1 0
1 1 0 1 1 0 0 0 2 0
3 1 0 1 1 1 5 1 2 0
4 0 0 0 0 0 4 0 2 0
3 1 0 0 1 1 1 0 3 0
4 0 0 0 1 0 0 0 3 0
3 1 0 0 1 0 0 1 0 1
1 1 0 0 1 0 5 1 1 1
3 1 0 0 1 1 2 1 1 1
3 1 0 1 0 0 4 1 1 1
4 2 0 0 0 1 1 1 1 1
2 2 0 0 1 1 3 0 2 1
3 1 0 1 1 0 0 0 2 1
3 1 0 1 1 0 1 0 2 1
2 0 0 0 0 1 1 1 3 1
2 2 0 0 0 1 4 0 3 1
3 1 0 0 1 1 2 1 3 1
3 1 0 0 0 1 3 1 3 1
3 1 0 1 0 0 5 0 3 1
3 1 0 1 1 0 2 0 0 2
3 1 0 1 0 1 5 1 0 2
4 0 0 0 1 0 2 0 0 2
4 0 0 1 0 0 3 0 0 2
2 0 0 1 0 1 5 1 1 2
3 1 0 0 1 0 0 0 1 2
3 1 0 1 0 1 1 0 1 2
3 1 0 0 1 1 4 0 1 2
4 2 0 1 0 1 5 1 1 2
2 2 0 0 0 1 2 0 2 2
3 1 0 1 1 1 0 1 2 2
3 1 0 0 1 1 3 0 2 2
2 0 0 1 0 1 0 1 3 2
3 1 0 1 1 1 5 0 3 2
4 2 0 1 1 0 3 1 3 2
4 0 0 1 0 1 4 1 3 2
3 1 1 0 0 0 0 1 0 0
3 1 1 0 0 1 5 1 0 0
4 0 1 1 1 0 1 0 0 0
1 1 1 0 0 1 5 0 1 0
3 1 1 1 1 0 1 0 1 0
3 1 1 1 1 0 4 1 1 0
2 0 1 1 0 1 4 0 2 0
3 1 1 1 1 1 0 1 2 0
3 1 1 1 0 1 2 1 2 0
3 1 1 0 0 0 3 0 2 0
4 2 1 0 1 0 0 0 2 0
2 0 1 1 1 1 1 1 3 0
3 1 1 1 0 0 0 0 3 0
3 1 1 0 1 0 2 0 3 0
3 1 1 1 0 1 4 1 3 0
3 1 1 1 1 0 5 1 3 0
4 2 1 0 0 0 5 1 3 0
2 2 1 1 0 1 3 1 0 1
2 0 1 0 1 0 4 0 0 1
3 1 1 0 0 1 1 1 0 1
4 0 1 1 0 1 5 1 0 1
3 1 1 0 0 1 5 0 1 1
1 2 1 0 1 0 0 0 2 1
3 1 1 1 1 1 3 1 2 1
3 1 1 1 0 0 5 0 2 1
4 0 1 1 1 0 3 0 2 1
4 2 1 1 0 0 4 1 2 1
2 0 1 0 1 0 5 1 3 1
3 1 1 0 1 1 0 1 3 1
4 2 1 1 0 1 0 1 3 1
4 2 1 1 0 1 4 1 3 1
2 2 1 0 1 1 5 1 0 2
3 1 1 0 1 0 0 1 0 2
3 1 1 1 0 0 1 1 0 2
3 1 1 1 0 0 4 0 0 2
4 0 1 0 0 0 5 0 0 2
3 1 1 0 1 0 2 1 1 2
3 1 1 1 0 1 3 0 1 2
3 1 1 0 1 1 5 0 1 2
4 2 1 0 0 0 2 0 1 2
2 0 1 0 1 0 1 1 2 2
3 1 1 1 1 0 5 0 2 2
2 2 1 0 1 0 4 0 3 2
3 1 1 1 1 0 0 0 3 2
3 1 1 0 0 0 3 1 3 2
3 1 1 0 1 0 4 0 3 2
4 2 1 1 0 1 2 1 3 2
1 2 0 1 0 0 1 0 0 0
2 2 0 1 1 0 0 0 2 1
1 1 0 1 0 1 0 1 3 0
1 1 0 0 0 0 4 0 3 1
1 0 1 1 0 1 5 1 2 1
2 0 1 0 0 1 0 1 2 2
3 1 0 0 1 0 3 1 1 1
0 3 1 1 1 0 2 1 3 0
3 1 1 1 1 0 4 0 0 1
4 0 0 0 0 0 3 0 0 1
0 3 0 0 1 1 5 1 1 0
0 3 1 0 1 1 4 0 2 1
0 3 1 0 0 1 5 0 3 0
1 2 0 1 0 0 3 0 0 0
0 3 0 1 1 1 5 0 3 1
0 3 1 1 0 1 4 0 1 1
3 1 1 0 0 0 1 0 0 0
2 2 1 0 0 0 0 1 0 0
3 1 1 0 0 1 2 1 1 0
2 2 0 0 0 0 2 1 1 0
0 3 0 0 0 1 2 0 1 0
3 1 1 0 0 1 5 0 2 0
0 3 1 0 1 0 5 1 2 0
0 3 1 0 0 1 5 1 0 1
3 1 1 0 0 1 4 0 1 1
0 3 0 0 0 0 0 1 1 1
2 0 1 0 0 0 4 1 2 1
4 0 1 0 1 1 2 0 3 1
3 1 1 0 1 1 5 1 0 2
4 2 1 0 1 1 3 1 2 2
0 3 1 0 1 0 2 0 3 2
3 1 0 1 0 1 5 1 0 0
0 3 0 1 1 0 5 0 0 0
0 3 0 1 1 0 3 0 2 0
2 2 0 1 0 0 0 0 3 0
0 3 0 1 0 1 3 0 3 0
3 1 1 1 0 0 1 0 0 1
0 3 1 1 0 1 3 1 0 1
3 1 0 1 1 0 2 0 1 1
0 3 1 1 0 0 0 1 2 1
0 3 0 1 0 1 2 1 3 1
1 2 1 1 1 0 3 1 0 2
4 2 1 1 1 0 3 1 1 2
3 1 1 1 1 1 1 1 2 2
0 3 0 1 0 0 5 1 2 2
2 2 1 0 0 1 4 1 0 0
2 0 1 0 1 0 5 0 3 0
3 1 0 0 1 0 4 0 2 1
4 0 0 0 0 1 5 1 2 2
3 1 0 1 1 1 0 1 3 1
3 1 1 0 1 0 4 1 0 0
3 1 1 0 0 0 1 1 2 0
4 2 1 0 1 1 1 0 2 0
3 1 1 0 1 0 2 0 0 1
2 2 1 0 0 1 1 1 1 1
2 0 1 0 0 1 5 1 2 1
3 1 0 0 1 0 0 1 2 1
3 1 1 0 0 0 5 1 3 1
2 0 0 0 1 0 4 0 0 2
3 1 0 0 0 1 3 1 0 2
4 2 1 0 0 0 4 0 0 2
2 0 0 0 0 0 2 1 1 2
4 0 0 0 1 0 0 0 1 2
1 0 0 0 0 1 1 0 3 2
3 1 1 1 1 1 2 1 0 0
3 1 0 1 0 1 3 1 0 0
2 2 0 1 1 1 3 0 3 0
3 1 1 1 0 0 3 0 3 0
2 2 0 1 1 0 1 0 0 1
2 0 1 1 1 0 5 0 0 1
4 0 0 1 0 0 0 0 1 1
4 0 0 1 1 0 5 0 1 1
1 0 0 1 0 0 1 0 0 2
2 0 1 1 1 0 0 0 1 2
2 0 1 1 1 1 1 1 1 2
4 2 1 1 1 1 4 1 1 2
2 2 1 1 1 0 5 0 2 2
4 2 0 1 0 1 1 0 2 2
3 1 1 1 1 0 2 1 3 2
1 1 1 0 1 1 0 1 1 2
1 0 1 1 0 0 4 0 0 2
4 2 0 0 0 0 0 1 0 0
4 0 1 1 1 0 0 1 0 1
1 0 0 1 1 1 2 0 2 0
4 0 0 0 0 0 2 0 1 1
1 2 1 1 0 1 2 1 3 1
3 1 1 0 0 1 2 1 2 2
0 3 1 0 0 0 4 0 3 1
0 3 1 0 0 0 2 0 0 0
0 3 1 1 0 0 1 1 1 0
0 3 1 0 0 1 4 1 2 0
3 1 1 1 0 1 1 1 3 0
0 3 0 0 0 0 0 1 3 0
3 1 0 1 0 0 1 0 2 1
4 2 0 1 0 0 3 1 2 1
0 3 1 0 0 0 1 0 3 1
0 3 0 0 0 1 5 1 0 2
3 1 0 1 0 1 0 1 1 2
3 1 1 1 0 1 5 0 1 2
0 3 0 1 0 1 0 1 1 2
0 3 0 1 0 1 2 1 1 2
0 3 1 0 0 0 3 0 1 2
0 3 0 1 0 1 4 0 1 2
3 1 1 0 0 1 3 1 2 2
4 2 0 1 0 1 4 0 2 2
0 3 0 1 0 1 1 0 2 2
0 3 1 1 1 0 3 1 0 0
4 0 0 1 1 0 5 0 1 0
0 3 0 1 1 0 0 1 1 0
0 3 0 0 1 1 3 0 1 0
0 3 1 0 1 0 1 0 2 0
0 3 1 0 1 0 1 0 3 0
1 0 0 0 1 0 4 0 1 1
0 3 0 0 1 1 1 1 1 1
0 3 0 0 1 1 4 0 1 1
4 2 1 1 1 0 1 1 2 1
0 3 1 1 1 0 5 1 2 1
2 0 1 0 1 0 3 0 0 2
1 1 0 1 1 1 3 1 1 2
0 3 1 1 1 0 1 0 1 2
0 3 0 0 1 0 5 1 1 2
2 2 0 0 1 0 0 0 2 2
0 3 1 1 1 0 4 1 2 2
0 3 1 0 1 0 0 1 3 2
0 3 1 0 1 1 3 1 3 2
2 0 1 0 0 0 5 0 1 2
3 1 1 0 0 0 4 0 3 1
2 2 1 0 1 1 2 1 3 1
3 1 0 1 1 0 2 1 2 0
4 0 0 1 1 0 1 1 1 0
4 0 0 0 1 0 2 1 2 2
2 2 1 1 0 0 3 1 0 0
2 2 0 0 0 1 1 1 1 0
3 1 1 1 0 0 3 1 1 0
4 2 1 1 0 0 4 1 1 0
1 1 0 0 0 1 5 1 3 0
2 0 1 0 0 0 4 1 3 0
2 0 0 0 0 0 2 0 0 1
3 1 0 0 0 0 0 1 0 1
3 1 0 1 0 0 5 0 0 1
2 0 0 1 0 1 3 1 1 1
2 0 1 0 0 1 2 1 2 1
2 2 0 1 0 0 0 1 0 2
1 0 0 0 0 1 2 1 3 2
2 0 1 0 0 1 1 1 3 2
2 0 0 0 0 0 3 1 3 2
2 2 1 1 0 0 5 0 3 2
3 1 0 1 0 1 5 1 3 2
4 2 0 0 0 0 0 1 3 2
4 0 0 1 1 1 4 1 0 0
2 2 1 0 1 0 0 0 1 0
3 1 0 0 1 1 3 0 2 0
4 0 1 1 1 1 4 1 3 0
2 2 0 0 1 0 0 1 0 1
2 2 1 1 1 0 3 0 0 1
3 1 1 1 1 1 3 1 0 1
4 2 1 0 1 1 1 1 0 1
3 1 1 0 1 0 5 0 1 1
4 0 1 0 1 0 3 1 1 1
1 1 1 0 1 0 5 1 3 1
1 0 1 0 1 0 2 0 0 2
2 0 0 0 1 0 1 0 0 2
3 1 1 1 1 0 1 0 0 2
3 1 0 0 1 1 3 1 1 2
2 2 0 0 1 0 2 0 3 2
1 1 0 1 0 0 3 0 3 1
1 1 0 1 0 0 4 1 0 0
1 1 0 0 0 0 1 0 3 1
1 2 0 1 1 0 0 1 3 1
0 3 0 1 1 0 1 0 0 1
0 3 0 1 1 0 4 0 0 2
0 3 1 0 1 1 1 1 0 2
0 3 0 0 1 1 4 1 0 1
3 1 1 0 0 0 4 0 2 0
2 2 1 0 1 0 2 1 3 0
3 1 0 0 1 0 1 1 1 1
0 3 1 0 0 0 5 0 1 1
2 0 0 0 0 0 0 0 2 1
4 2 0 1 1 0 2 0 0 2
0 3 1 0 0 0 2 0 2 2
0 3 0 1 1 1 4 0 1 0
2 2 1 0 1 1 4 1 2 0
0 3 1 1 0 1 2 0 2 0
3 1 0 0 0 1 2 0 3 0
0 3 0 0 1 1 2 0 1 1
0 3 1 0 1 1 5 1 2 1
0 3 1 1 1 1 3 1 0 2
0 3 0 1 1 1 5 0 3 2
4 0 0 0 1 1 2 1 3 0
1 1 0 0 0 0 0 0 1 1
2 0 1 0 0 0 3 0 1 0
4 0 1 0 0 1 0 1 2 1
3 1 1 0 1 0 4 1 1 2
3 1 0 0 0 0 5 1 2 1
2 0 0 1 1 0 4 0 1 2
2 2 1 0 1 1 4 0 1 0
2 2 1 0 1 0 1 0 0 0
4 2 1 1 1 0 4 0 0 0
1 1 0 1 0 0 1 0 2 0
2 0 0 0 0 0 0 0 2 0
2 0 0 0 1 0 5 0 2 0
3 1 1 0 1 0 0 0 2 0
4 0 1 1 1 0 3 1 2 0
4 2 0 0 1 0 2 1 0 1
1 0 0 1 1 0 2 0 1 1
2 0 0 1 1 0 0 1 1 1
3 1 0 0 0 0 3 0 2 1
2 2 1 0 1 0 0 0 3 1
3 1 0 0 0 0 2 0 3 1
3 1 1 1 1 0 1 1 1 2
4 2 0 1 1 0 5 1 3 2
2 0 1 0 0 1 5 0 1 0
3 1 1 1 1 1 1 0 1 0
2 0 1 1 1 1 1 1 2 0
2 0 0 0 0 1 3 0 2 0
1 2 1 0 1 1 4 0 3 0
2 2 1 0 1 1 5 0 1 1
4 2 0 0 0 1 4 0 1 1
1 0 0 1 1 1 2 1 2 1
4 0 0 0 1 1 3 1 2 1
3 1 0 0 1 1 1 1 3 1
3 1 0 1 1 1 4 1 0 2
4 0 0 1 1 1 1 1 1 2
1 2 1 0 0 0 5 1 1 0
4 2 0 0 1 0 1 0 3 2
1 2 0 1 0 1 5 1 0 0
1 2 1 1 0 1 5 0 2 2
4 0 0 1 0 1 1 1 3 1
1 2 1 1 1 1 3 1 3 0
1 0 0 0 1 0 5 0 0 0
0 3 0 0 0 0 5 1 0 1
0 3 0 1 1 0 0 0 2 2
4 0 1 1 1 0 4 1 0 0
1 1 0 1 0 0 0 1 1 0
3 1 0 1 1 0 0 1 3 2
0 3 0 0 0 0 1 0 0 0
0 3 0 0 1 0 2 0 0 0
3 1 1 1 0 0 3 0 0 0
2 2 1 0 0 0 5 0 0 0
1 2 1 0 0 0 4 0 0 1
0 3 1 1 0 0 3 0 0 1
0 3 1 0 1 1 1 0 2 1
3 1 1 1 1 0 5 0 0 2
0 3 0 1 0 0 3 0 2 2
4 2 1 1 0 0 0 0 3 2
0 3 1 0 0 0 0 0 3 2
0 3 1 0 1 1 5 1 3 0
1 1 1 0 1 1 4 1 2 1
0 3 1 0 1 0 2 1 2 1
0 3 0 0 1 1 3 1 2 1
0 3 0 0 1 0 1 1 2 2
3 1 0 1 1 1 5 0 1 0
1 0 1 1 0 0 0 0 3 1
4 0 1 0 0 0 0 0 2 1
2 0 1 0 1 0 4 0 2 0
1 0 1 1 0 0 3 1 1 0
3 1 0 0 1 0 0 1 1 0
1 1 1 1 0 0 0 1 2 2
3 1 1 0 0 1 5 1 1 1
1 1 0 0 1 0 4 0 0 0
4 0 0 1 0 0 5 0 0 0
2 0 0 0 0 1 2 0 2 0
4 0 0 0 1 0 2 0 0 1
2 2 0 0 1 0 0 0 1 1
4 0 0 1 1 1 1 0 1 1
2 2 1 0 1 1 1 0 2 1
4 0 0 0 1 0 4 0 2 1
3 1 1 1 0 0 3 0 3 1
4 0 0 1 1 0 5 0 3 1
2 0 1 0 0 0 2 0 0 2
2 2 0 0 1 0 1 0 1 2
3 1 1 1 1 0 2 0 1 2
3 1 0 0 0 0 4 0 2 2
4 2 1 1 0 0 2 1 2 0
4 0 1 1 0 0 4 1 2 0
3 1 1 1 1 1 3 1 3 0
4 0 1 1 1 1 4 1 1 1
3 1 0 1 0 0 4 1 2 1
1 1 0 0 0 0 1 1 1 2
1 1 0 1 1 0 3 1 2 2
2 2 1 0 0 1 2 1 2 2
3 1 0 0 0 0 4 1 3 2
1 0 1 1 0 0 1 0 3 0
1 0 0 1 0 0 4 1 2 0

